120.093006222	22.4884068342	3.53291923882e-43	3.79245974533e-05	1.19350581806e-15	0.000172581680834	4.23373781331e-05	0.000180957564343
120.136996286	22.4885364644	6.30157304758e-30	0.000129294078633	1.891640473e-11	0.000172581680834	4.22742166596e-05	0.000180957564343
120.180986659	22.4886540903	2.84382851885e-20	0.000282423550229	1.70662317088e-08	0.000172581680834	4.1885052948e-05	0.000180957564342
120.224977308	22.4887597115	-1.16029052626e-13	0.000340041294702	-5.73283685839e-06	0.000172581680834	4.05998192677e-05	0.000180957496416
120.268968206	22.4888533276	-9.39416470737e-08	5.35137429801e-05	-0.000573852023687	0.000172581680484	3.77368301096e-05	0.000180551128661
120.312959321	22.4889349385	-0.000535028957181	-0.000483534612504	-0.00289510411734	0.000172195397729	3.36014005065e-05	0.000144300410184
120.356950625	22.489004544	-0.0030012563981	-0.000700005970169	-0.0113260338174	9.09104946039e-05	3.17808638573e-05	3.42778135437e-05
120.400942086	22.4890621438	-0.00499188903854	-0.000280022776658	-0.000542529838867	2.77608635803e-05	3.35964788183e-05	8.24005321382e-06
120.444933676	22.4891077377	-0.0105608711664	0.000228995306076	0.00193194945223	2.50620715109e-05	3.48892110798e-05	5.60337455224e-06
120.488925364	22.4891413257	-0.0146621368767	-4.59980520319e-05	0.0035220995849	8.75224417702e-06	2.86837325142e-05	2.71904362509e-06
120.532917121	22.4891629077	-0.0133952163066	-0.00119770792129	-0.00637484888315	2.10262388059e-05	1.24965532983e-05	4.04904333548e-06
120.576908917	22.4891724835	-0.00951517053436	-0.00224907297572	-0.00309123625284	7.11785991668e-06	3.92976951961e-06	2.023023957e-06
120.620900721	22.4891700533	-0.0015430317439	-0.0022971406649	-0.00188262491842	1.71333288572e-05	1.67300365162e-05	6.20443350808e-06
120.664892505	22.4891556169	-0.0020229109086	-0.00152703837155	0.00103429289439	0.000154369608197	3.34250109011e-05	6.24753403999e-05
120.708884237	22.4891291744	-0.00846171505663	-0.000629754743998	0.00372575914578	2.80580885842e-05	4.03184682883e-05	1.13647866189e-05
120.75287589	22.4890907259	0.000419862412056	6.11240025614e-05	-0.000578893334446	6.59518331212e-05	4.15566640982e-05	2.22073287404e-05
120.796867431	22.4890402715	-0.0180445526373	0.000488591865799	-0.00385762536826	1.45948706916e-05	4.16570954886e-05	6.33173876738e-06
120.840858832	22.4889778113	0.000992076352743	0.000627375047455	-0.0117879307713	3.8066762285e-05	4.16674908248e-05	1.16582066739e-05
120.884850063	22.4889033455	0.000214140365014	0.000570400335617	-0.00711837405056	0.000107359096692	4.16953092757e-05	2.44762074944e-05
120.928841094	22.4888168743	-0.00305305152968	0.00049303143045	0.000195953202131	7.36359060489e-05	4.1782042562e-05	3.26578727704e-05
120.09285893	22.5296116613	-1.61966624536e-36	8.34824467414e-05	2.48910622561e-13	0.000172581680834	4.23150940452e-05	0.000180957564343
120.136862031	22.5297415545	9.03961816474e-24	0.000287612177565	2.30912059713e-09	0.000172581680834	4.19843219285e-05	0.000180957564343
120.180865439	22.529859419	5.06233111201e-14	0.000647410279133	1.77772570557e-06	0.000172581680834	4.00457209254e-05	0.000180957553558
120.224869126	22.5299652544	5.83377369475e-08	0.000859849323425	6.70296177365e-05	0.000172581680829	3.47014901666e-05	0.000180885592955
120.26887306	22.5300590605	7.58851589692e-06	0.000401777760754	-0.00267952919044	0.000172576483768	2.6664761073e-05	0.000169090922466
120.312877213	22.530140837	-0.00377983633265	-0.000636331013566	-0.0110091231016	6.41203866734e-05	1.81905201413e-05	2.12582983193e-05
120.356881554	22.5302105836	-0.00876448176003	-0.001212795333	-0.00375347416303	1.0739880194e-05	1.45326225129e-05	3.293036091e-06
120.400886053	22.5302683003	-0.00430750047916	-0.000561493750094	-0.00356924209867	1.35623129222e-05	1.7621898715e-05	4.44908723628e-06
120.444890681	22.5303139867	-0.0121263442163	0.000708956548589	0.00887372968755	1.1939406833e-05	2.24486636471e-05	3.05353335551e-06
120.488895408	22.5303476429	-0.0144018142821	0.00123044724298	0.0021898199715	2.16427073544e-05	2.02734986198e-05	4.57606572311e-06
120.532900203	22.5303692686	-0.0065822548843	0.000355283265117	-0.00385295834804	1.39444907521e-05	9.60507785532e-06	3.28075812712e-06
120.576905037	22.5303788639	-0.00680726760686	-0.00109910296421	-0.000754028163687	1.91890946234e-05	6.47195322616e-06	4.34396177717e-06
120.62090988	22.5303764287	0.00332818687766	-0.00186859347659	-0.000978997464834	2.88735638239e-05	1.95056995842e-05	8.45085331006e-06
120.664914701	22.530361963	-0.00262783282965	-0.00167285044131	0.000657759564411	3.84990379571e-05	3.42910221008e-05	1.59763923528e-05
120.708919472	22.5303354668	0.0066492734702	-0.00102283578747	0.00835435451056	2.21537359326e-05	4.03624284091e-05	9.47502704934e-06
120.752924162	22.5302969403	0.0067249033698	-0.000346716378816	-0.00347288601198	7.31300597983e-05	4.1489862462e-05	1.29160223102e-05
120.796928742	22.5302463836	-0.00312199972535	0.000138955217332	-0.00513540286818	2.78998146399e-05	4.15929796539e-05	8.12746564415e-06
120.840933181	22.5301837967	0.0125170102462	0.000339649691015	-0.0082147104165	2.38465133972e-05	4.16028363392e-05	8.2571145298e-06
120.884937449	22.5301091798	0.0205276878217	0.000369401056097	0.00605786536415	3.4173269739e-05	4.16229503173e-05	1.33017351321e-05
120.928941517	22.5300225333	0.00824044514064	0.000417192459905	0.0044346476892	3.85747335903e-05	4.16917721795e-05	1.10527175238e-05
120.092711295	22.5708162766	-5.0016565756e-31	0.000121056273595	1.07701277231e-11	0.000172581680834	4.22713409169e-05	0.000180957564343
120.136727462	22.5709464329	-5.04938987792e-19	0.000424228327052	5.4564669253e-08	0.000172581680834	4.14172015719e-05	0.00018095756433
120.180743937	22.5710645362	-1.02332764398e-10	0.000989723654062	9.84612668404e-06	0.000172581680834	3.65163273706e-05	0.000180954491677
120.224760691	22.571170586	1.94030694363e-05	0.00144645940423	-0.000582669980596	0.000172580614424	2.43117207025e-05	0.000175859875388
120.268777693	22.5712645821	0.00534041507846	0.00106943767406	-0.00472261547928	0.000110278917376	1.17817832289e-05	6.59312853244e-05
120.312794914	22.5713465243	-0.00657400174819	-0.00019664049752	-0.0024162777329	1.14241693502e-05	5.20024656264e-06	4.13923445348e-06
120.356812323	22.5714164122	-0.00616664621336	-0.00120030097376	0.000972342278419	1.07189649412e-05	2.5958546146e-06	2.78717529247e-06
120.40082989	22.5714742458	-0.0119116491438	-0.000812122697053	0.000490179595011	1.83192039718e-05	4.0564896245e-06	3.74938195384e-06
120.444847586	22.5715200248	-0.00955945597346	0.000795806699885	-0.00294700425891	6.39148915706e-06	8.53470978197e-06	1.82617443109e-06
120.488865381	22.5715537491	-0.0147129691519	0.00228190949782	-0.00348712293977	7.35633436444e-06	8.18141190356e-06	2.26697409801e-06
120.532883245	22.5715754187	-0.0127896306758	0.0022901917592	-0.00324643523463	1.1300848546e-05	7.31223285686e-06	2.64475090665e-06
120.576901148	22.5715850334	0.00198004533452	0.000855666844906	-0.0050250255589	1.14291650485e-05	1.70046417487e-05	3.71050913828e-06
120.620919059	22.5715825932	0.00538992112144	-0.000717847544298	-0.00182193250455	1.36013856241e-05	2.94647183246e-05	5.00992614916e-06
120.66493695	22.5715680982	0.00820659027216	-0.00145206891767	0.00328311299594	7.0169307162e-05	3.72248598462e-05	2.16866931002e-05
120.708954789	22.5715415484	-0.00624968063999	-0.00133554446015	0.0156197723286	7.11187384219e-05	4.03610591055e-05	2.82532891568e-05
120.752972548	22.5715029439	-0.0138700803153	-0.000801567327604	0.00475621734588	0.000111648624763	4.13149634269e-05	3.29791911662e-05
120.796990196	22.5714522847	-0.0031330849331	-0.000293517561723	0.00114394036165	2.90012505576e-05	4.15424839866e-05	8.58557848513e-06
120.841007703	22.571389571	0.0134619252124	-2.09228778103e-05	0.000145205659022	1.88114433296e-05	4.15850169291e-05	6.24309345002e-06
120.885025039	22.571314803	0.0281578345762	0.000130587945278	-0.00343470168342	1.54826774976e-05	4.16018460397e-05	5.93862804937e-06
120.929042175	22.5712279809	0.00665517337274	0.000332490790506	-0.00389820110223	8.15312638571e-05	4.16440678899e-05	2.06510620045e-05
120.092563316	22.6120206799	-5.09920855194e-28	9.30997435129e-05	9.44407209395e-11	0.000172581680834	4.22478233793e-05	0.000180957564343
120.13659258	22.6121510995	-1.31898295412e-16	0.000339184803778	3.73999146112e-07	0.000172581680834	4.1101579611e-05	0.000180957563798
120.180622153	22.6122694416	-1.0778518377e-08	0.000828285258102	5.92222487458e-05	0.000172581680834	3.44546385916e-05	0.000180897908274
120.224652004	22.612375706	-0.000228444808791	0.00131478518684	-0.00122973634132	0.000172170560469	1.80985766e-05	0.000144619318152
120.268682104	22.6124698922	0.00511352969555	0.00121729293969	0.00197208493711	1.6493454835e-05	3.88400549522e-06	5.61487984362e-06
120.312712423	22.6125520001	0.00158456026457	0.000278510839506	-0.000361035415837	1.89790875412e-05	1.33234110581e-06	4.34606253037e-06
120.35674293	22.6126220295	0.000629133262775	-0.000927004004454	0.00131951568917	8.43545549258e-06	1.30695287563e-06	2.26323110087e-06
120.400773596	22.61267998	-0.00189170238371	-0.00139512263874	-0.00219001603135	1.11009214876e-05	2.24358000942e-06	3.0782068977e-06
120.444804391	22.6127258516	0.0032118228844	-0.00043666405822	-0.00893143898046	1.9118980694e-05	3.32124309516e-06	3.91644240824e-06
120.488835285	22.6127596441	-0.00595666319293	0.00146001183551	-0.00702787777014	1.02296933276e-05	1.88381877941e-06	2.42335095938e-06
120.532866248	22.6127813575	-0.00875052394626	0.00257600765475	-0.010552110101	8.82489395066e-06	6.45718310399e-06	2.25778694267e-06
120.57689725	22.6127909917	-0.00522859862151	0.00183779240705	-0.0112367501239	1.40687068315e-05	2.11094390621e-05	4.54591680671e-06
120.62092826	22.6127885466	0.00756944175647	8.39388061886e-05	-0.00291844080857	2.95920265041e-05	3.05092237345e-05	7.34113652835e-06
120.66495925	22.6127740223	0.0086482557952	-0.00120563606965	0.0101309883678	9.25639342905e-05	3.35709098466e-05	4.01821179536e-05
120.708990188	22.6127474188	0.0132321673409	-0.00143117133836	0.0096099866659	3.21274930327e-05	3.69906043612e-05	1.63579659521e-05
120.753021046	22.6127087361	-0.013260556274	-0.000969463124037	0.00359652260173	5.41345129303e-05	3.98941728902e-05	2.76116210172e-05
120.797051792	22.6126579745	0.00472266331573	-0.000461774092813	0.00230281706242	7.52098214035e-05	4.11247740984e-05	2.63843166685e-05
120.841082398	22.6125951339	0.00456193146336	-0.000183442794136	0.0113003013706	3.77304606128e-05	4.14979135551e-05	7.671719137e-06
120.885112833	22.6125202147	0.0164239187698	8.5327763591e-06	0.00895093332864	6.49637191971e-05	4.15873810049e-05	1.86095508273e-05
120.929143066	22.612433217	0.0105346250403	0.000271487661695	-0.00766522862952	0.000138822901402	4.1619641901e-05	4.07005295881e-05
120.092414994	22.6532248708	-4.05558287973e-27	-2.9797377404e-05	1.55413591408e-10	0.000172581680834	4.22573122051e-05	0.000180957564343
120.136457385	22.6533555538	-9.41155618311e-16	-6.80415617018e-05	5.81872539415e-07	0.000172581680834	4.12385752197e-05	0.000180957562599
120.180500085	22.653474135	-5.10067994806e-08	-9.52211982615e-05	0.000118843159084	0.000172581680823	3.52575875499e-05	0.000180831790959
120.224543064	22.653580614	-0.000369430618302	-5.03552670215e-05	0.000888236274074	0.000170898336468	1.98882472051e-05	0.000139886766563
120.268586293	22.6536749905	0.00919310033723	3.54518383956e-05	0.00351325413935	3.60816382649e-05	5.0961222774e-06	9.9974139602e-06
120.31262974	22.6537572643	0.00434060592701	-0.000161150405728	0.00591173270656	2.30917095398e-05	1.67482519216e-06	3.90220474397e-06
120.356673376	22.653827435	0.000662226358934	-0.0010606642955	0.00601864609834	9.61902925938e-06	3.32159055307e-06	3.17060402266e-06
120.400717172	22.6538855026	-0.00410870264809	-0.00229299533371	0.00327430254244	1.3389216434e-05	5.30922401157e-06	2.71572649696e-06
120.444761096	22.6539314669	-0.00272493885455	-0.00243432706791	0.0038258435237	1.15795331903e-05	2.82710510399e-06	2.94155424822e-06
120.488805119	22.6539653277	-0.00594514589301	-0.00080581027693	-0.00861468173276	1.16954409375e-05	4.70249995343e-06	2.87921457014e-06
120.532849211	22.6539870849	-0.000462122986893	0.00109234862866	-0.0123780118977	9.71284453115e-06	1.48815200679e-05	3.06811789015e-06
120.576893343	22.6539967386	-0.00500428853524	0.00141833910276	-0.00478580310683	8.41255983646e-06	2.20784857252e-05	2.26898462006e-06
120.620937483	22.6539942885	0.00506690425772	0.000300472720047	-0.00582558112192	1.45590622909e-05	1.95820206199e-05	3.9955970604e-06
120.664981602	22.6539797349	0.012688219526	-0.000768412849369	-0.0148965095254	0.000123408852732	1.91966768422e-05	4.32751786747e-05
120.70902567	22.6539530776	-0.0251427969972	-0.000896243488093	0.0149514905077	1.60151786534e-05	2.68635828841e-05	7.63042310009e-06
120.753069657	22.6539143169	0.0143106194862	-0.000443153922952	0.010470440737	5.94803346607e-05	3.43135569492e-05	2.40568804674e-05
120.797113532	22.6538634527	-0.00611498869841	-0.000112242869386	-0.000518036397705	2.30102676261e-05	3.87549653469e-05	7.21077325187e-06
120.841157267	22.6538004852	0.00564060148491	-5.75422439746e-05	-0.0069798617946	4.00387538449e-05	4.09112288094e-05	1.56175924141e-05
120.88520083	22.6537254146	0.0101292674408	-1.27026219079e-05	0.00179283605585	6.07854962031e-05	4.15152790235e-05	2.42573509564e-05
120.929244193	22.6536382412	0.0376541584996	0.000170388101718	0.000727309007411	2.29582817349e-05	4.16069089845e-05	9.70184042603e-06
120.092266327	22.694428849	2.04694889004e-26	-0.000196925844098	4.92110610091e-10	0.000172581680834	4.22276133452e-05	0.000180957564343
120.136321876	22.6945597957	7.37992539349e-16	-0.000613111046279	1.23366079473e-06	0.000172581680834	4.10256532388e-05	0.000180957562276
120.180377734	22.694678616	2.19918546131e-08	-0.00133408224246	0.000215011372977	0.000172581680834	3.48089601664e-05	0.000180858312528
120.224433872	22.6947853098	0.000657332621412	-0.00195506988759	0.000939003404253	0.000171749562514	2.0527531378e-05	0.000136020095203
120.268490259	22.6948798767	0.0133064748848	-0.00186467775928	-0.00242023798926	1.65474148614e-05	7.20199705311e-06	4.84983685639e-06
120.312546865	22.6949623164	0.00576590218456	-0.0013346801919	0.00408742329915	9.00921951045e-06	2.65212170652e-06	2.68404149617e-06
120.356603661	22.6950326287	0.00898173396078	-0.00162053715901	0.00279951432107	1.60288581024e-05	5.47981660918e-06	3.10497909084e-06
120.400660616	22.6950908134	0.00978380228963	-0.00298401813234	0.00731222732445	2.23538034737e-05	1.15549497175e-05	4.16832460122e-06
120.4447177	22.6951368704	0.00309069829809	-0.00372486247364	-0.00293597287558	2.07136535756e-05	1.16535218336e-05	4.41181288222e-06
120.488774883	22.6951707995	0.00199677542418	-0.00250412363277	-0.00278084127313	2.75085716065e-05	1.60163057248e-05	5.84089851585e-06
120.532832135	22.6951926006	0.00351033432604	-0.000390823486617	-0.00862656981277	7.68380985744e-06	2.42178389205e-05	2.80411250537e-06
120.576889427	22.6952022737	0.00480482376986	0.000716426095261	-0.00515274182293	1.5456057975e-05	1.94159085114e-05	3.15124834364e-06
120.620946727	22.6951998187	0.00945972924018	0.000537365810866	-0.00225554171907	4.85938442533e-06	5.9877398478e-06	1.90650354203e-06
120.665004006	22.6951852357	0.00383744651363	0.000223411774881	-0.00194211039944	7.21621000539e-05	4.2757711252e-06	2.20784475894e-05
120.709061234	22.6951585247	0.00570782351708	0.000473796592249	0.000290731815567	1.34930430404e-05	1.24061337735e-05	5.9509305953e-06
120.75311838	22.6951196857	-0.00239774923735	0.000800238397668	0.00779390097322	2.6531827956e-05	2.11445149165e-05	6.7775725934e-06
120.797175416	22.6950687189	0.00355131778422	0.000626032257478	-0.0104445060815	3.41889214336e-05	3.17693631943e-05	1.09394053828e-05
120.84123231	22.6950056245	-0.0163862076785	0.000161544405537	-0.0074723262186	2.14228830553e-05	3.90899143276e-05	6.82261018152e-06
120.885289032	22.6949304025	-0.0105448004094	-0.000103942008681	-0.0020721486238	9.40341528157e-05	4.12866126741e-05	4.12301855744e-05
120.929345554	22.6948430532	0.0166194166663	-6.12855392805e-05	-0.00330995413555	5.87033817466e-05	4.15903518005e-05	2.74282276448e-05
120.092117315	22.7356326143	-7.99121442056e-21	-0.000304747891012	2.12603866284e-08	0.000172581680834	4.21540727351e-05	0.00018095756434
120.136186052	22.7357638247	-4.74783063495e-13	-0.000921649290074	1.13838499502e-05	0.000172581680834	4.03474526717e-05	0.00018095713201
120.180255099	22.7358828844	4.11218293864e-06	-0.00196832712537	0.000825699274051	0.000172581654531	3.18759785201e-05	0.000178754739111
120.224324426	22.7359897931	0.0029340888659	-0.00285178962022	0.000214521594206	0.000141700877857	1.51408474541e-05	6.66872149522e-05
120.268394002	22.7360845504	0.0189565405992	-0.00273862420138	0.00171466098794	1.52109945411e-05	3.5455851635e-06	3.43825226741e-06
120.312463798	22.7361671561	0.00331767077197	-0.00204862628971	-0.000690575966042	7.05127398907e-06	1.557575922e-06	1.94842993011e-06
120.356533784	22.7362376101	0.00614479927238	-0.00236575833903	0.00157396177572	1.81680286121e-05	4.60797332988e-06	4.11236122554e-06
120.400603929	22.736295912	0.00385752371453	-0.00384380828815	0.00871387354956	3.27677152112e-05	1.46323273926e-05	7.69996323111e-06
120.444674203	22.7363420617	0.0133634159954	-0.00449744697842	0.00564001192573	2.12792936163e-05	2.29528268579e-05	5.49548262571e-06
120.488744577	22.7363760591	0.012918773411	-0.0031060982897	-0.00110334399802	1.50882542949e-05	2.89924369203e-05	3.43879060883e-06
120.532815019	22.7363979042	0.00533724326047	-0.000907450487817	-0.00405203137443	1.50625805288e-05	3.07881446184e-05	5.43568274015e-06
120.576885501	22.7364075968	0.00952457329194	0.000393771304701	-0.00497151117514	9.42638257081e-06	2.00498509488e-05	3.37136139731e-06
120.620955992	22.7364051368	0.0190533680527	0.000744144699464	-0.00478479397316	2.16899453363e-05	6.33804870188e-06	5.27814934719e-06
120.665026462	22.7363905245	0.0287217925437	0.00113828321634	-0.014916791008	0.000111667105498	3.90558450195e-06	2.7967691364e-05
120.70909688	22.7363637596	0.016331256565	0.00180362671577	0.000879366349495	2.5734962038e-05	3.09266215711e-06	1.11548523847e-05
120.753167217	22.7363248425	0.0195686907748	0.00195137681921	-0.00101136390335	1.58891739299e-05	7.11242391225e-06	6.44074535895e-06
120.797237443	22.736273773	0.0107885310073	0.00119908481627	0.0144343165379	1.17772791981e-05	2.37981085474e-05	4.19282439495e-06
120.841307527	22.7362105515	-0.00302962501898	0.000186703442452	0.0125703472371	2.57241816662e-05	3.70303639892e-05	6.73289124087e-06
120.885377439	22.736135178	-0.024021574235	-0.00037819045542	0.00716159702618	3.15322184407e-05	4.10276373131e-05	9.41364980403e-06
120.92944715	22.7360476527	-0.0304336722119	-0.000445071258952	0.00454243265476	3.94563091157e-05	4.15705793488e-05	1.3003029317e-05
120.091967957	22.7768361664	-5.10799429542e-16	-0.000307047996356	7.81088875943e-07	0.000172581680834	4.21351648331e-05	0.000180957559534
120.136049913	22.7769676407	-8.3214386265e-09	-0.000765935642249	0.000135455731575	0.000172581680829	4.03773187512e-05	0.000180824768434
120.180132179	22.7770869398	-9.42365337323e-05	-0.00140310078083	0.00162795624985	0.000172441067101	3.23014877787e-05	0.000152251337559
120.224214726	22.7771940635	0.00270325339868	-0.00176121752345	0.000420920382385	2.63121894413e-05	1.58217110092e-05	1.18765627596e-05
120.268297522	22.7772890114	0.00741667301094	-0.00158674227426	-0.000446092239694	1.38317404428e-05	3.56095532026e-06	3.03360403562e-06
120.312380538	22.7773717833	0.00767078871515	-0.00194334608422	-3.25631269414e-05	1.66211386048e-05	1.70287886021e-06	3.64151934923e-06
120.356463745	22.7774423789	0.00600839466215	-0.00414946209648	0.00120338065246	1.90970485045e-05	2.76138128456e-06	3.8122400393e-06
120.40054711	22.7775007981	0.00659411509524	-0.00688609093437	0.0113674127736	2.51685620118e-05	8.97017270511e-06	6.51818883779e-06
120.444630606	22.7775470406	0.0164173388421	-0.00699273555606	0.00780262666156	1.603218334e-05	1.96165439845e-05	4.46261723351e-06
120.4887142	22.7775811064	0.0217196901897	-0.00394318180713	0.000591969381761	1.30274895016e-05	2.92774037892e-05	3.33693213329e-06
120.532797864	22.7776029954	0.0106799112103	-0.000640310777478	-0.0072411197664	1.54086007861e-05	3.08148081048e-05	4.16402132502e-06
120.576881567	22.7776127075	0.0159110401745	0.000644335976454	-0.0068409973518	7.24932839516e-06	2.10946749663e-05	3.43276370991e-06
120.620965279	22.7776102426	0.017512794021	0.000647516941149	-0.00890191148484	1.05004703951e-05	1.22316660406e-05	3.64709871887e-06
120.66504897	22.7775956008	0.000547382154275	0.00106103123705	-0.0107312091989	9.43558284743e-05	1.2228680966e-05	4.12233584263e-05
120.709132609	22.7775687822	0.0154874234244	0.00193723448087	0.0036454076114	6.43381048573e-05	8.64805728137e-06	2.46764110661e-05
120.753216167	22.7775297867	0.0303509888545	0.00210443035054	0.00418781937543	4.18607532361e-05	1.02117145469e-05	6.98188321177e-06
120.797299613	22.7774786146	-0.00373811136194	0.00118252440398	0.00939325831593	3.86956904831e-05	2.53842930696e-05	1.25883201667e-05
120.841382918	22.7774152659	0.0108888432489	-9.85193958941e-06	0.0136867174391	4.79966497417e-05	3.74870999569e-05	8.94831901103e-06
120.885466051	22.7773397408	-0.00379359785322	-0.000693613811199	0.0110103576315	3.18820427244e-05	4.10859169959e-05	1.03107322055e-05
120.929548982	22.7772520395	0.0213982449148	-0.000842930382661	0.00341153603614	3.9460000844e-05	4.15705502235e-05	1.64341444515e-05
120.091818254	22.8180395049	-3.18329002199e-13	-0.000348504422272	1.82684288737e-06	0.000172581680834	4.19841328493e-05	0.000180957295417
120.135913459	22.8181712432	-1.54716299017e-06	-0.00043101980429	0.000515676135888	0.000172581494036	4.03802640532e-05	0.000178614785332
120.180008975	22.8182907819	-0.00163416388652	-0.000174529264745	0.00369748264494	0.000129644481209	3.457158855e-05	6.23714497852e-05
120.224104772	22.8183981207	0.00505071716397	0.00031657436507	0.00129018439289	1.1746654994e-05	2.15710378438e-05	5.18534517172e-06
120.268200819	22.8184932593	0.00031873166061	-2.33363007458e-05	0.00467227967656	1.93628642372e-05	7.33122997396e-06	4.19208532878e-06
120.312297086	22.8185761974	-0.00558904227626	-0.00312193272561	0.00601696607289	4.34787340067e-06	1.66565677192e-06	2.74268455305e-06
120.356393543	22.8186469349	-0.002720414573	-0.00927877445189	0.0196382347069	1.36870307098e-05	1.21656845664e-06	4.01308933125e-06
120.40049016	22.8187054714	-0.00218333495706	-0.0143601059844	0.0164234972312	2.57025234788e-05	2.42845925643e-06	5.32945228596e-06
120.444586907	22.8187518068	0.00746581358995	-0.0130668221637	0.0161414946672	3.23751237933e-05	8.41738356957e-06	6.91698676547e-06
120.488683753	22.818785941	0.020738653553	-0.00604221520348	-0.00409420320222	1.60679073744e-05	1.74472146881e-05	4.98527810839e-06
120.532780669	22.8188078739	0.0220395611209	0.000466328085404	-0.00915052928888	1.56473756514e-05	2.0514684665e-05	3.46828597429e-06
120.576877623	22.8188176055	0.0162534698533	0.00236920037881	-0.0132031290584	1.16644015725e-05	1.20729145446e-05	3.42711815362e-06
120.620974587	22.8188151357	0.0181934513117	0.00135530951244	-0.00808115228112	1.55628139137e-05	6.19625332436e-06	4.93758961846e-06
120.66507153	22.8188004645	0.0100414049816	0.000791985999218	-0.00798335715603	6.58106439869e-05	1.3534327098e-05	1.88035457499e-05
120.709168421	22.818773592	0.00614986043687	0.00131750842479	0.00276249714247	5.43168265138e-05	1.93670746999e-05	1.64137406672e-05
120.75326523	22.8187345183	0.00783889302717	0.0015438612632	-0.000324701163876	3.76460618669e-05	2.41671613419e-05	1.89314543025e-05
120.797361928	22.8186832433	-0.0068973819162	0.000843202903457	-0.00044425357116	1.10028345061e-05	3.33665949321e-05	4.42774733415e-06
120.841458484	22.8186197674	0.00496411918467	-0.000147603548238	0.00692842204196	2.75580063234e-05	3.96203040424e-05	7.49228580811e-06
120.885554868	22.8185440906	-0.00995342728654	-0.000780666429009	0.0151115568688	4.6421798225e-05	4.13546341076e-05	1.58854400666e-05
120.92965105	22.8184562132	-0.0173446689046	-0.00102927288829	0.00430914642989	7.04741044288e-05	4.15829326145e-05	2.65358117694e-05
120.091668204	22.8592426295	5.3577749115e-11	-0.000687987964822	1.31419537774e-06	0.000172581680834	4.07169525815e-05	0.00018095553198
120.13577669	22.859374632	2.83430983013e-05	-0.000585962421357	0.000322588498961	0.000172578132787	3.66780849188e-05	0.000172901733727
120.179885486	22.8594944105	-0.000701100762087	0.000319838030952	-0.000641035593439	7.62259108205e-05	2.9375525964e-05	2.53009645807e-05
120.223994564	22.8596019646	-0.00331882297459	0.00100238203054	-0.00347951935368	1.13627519381e-05	1.89013569501e-05	2.86884931527e-06
120.268103892	22.859697294	-0.00276640991134	-0.00104130563179	0.00562674901002	1.17006788785e-05	7.33780317164e-06	3.17076301777e-06
120.31221344	22.8597803984	-0.00776651610837	-0.00784002751985	0.00868687633333	8.21734368479e-06	1.63544268016e-06	2.65946264947e-06
120.356323179	22.8598512777	-0.0189769994034	-0.0178142225493	0.0216252258907	1.16181801547e-05	1.17194053534e-06	5.38487265551e-06
120.400433078	22.8599099316	-0.00688458375665	-0.0242050640622	0.038245903978	9.26951092105e-06	1.4443537426e-06	2.91979407407e-06
120.444543107	22.8599563599	0.00379994128884	-0.0204047715378	0.0288093613369	3.92149075525e-05	2.70375655451e-06	1.17375524992e-05
120.488653236	22.8599905626	0.0057514097707	-0.00857414613655	-0.00135336091928	1.51863617378e-05	5.3714406351e-06	4.50660576993e-06
120.532763434	22.8600125395	0.0156617151339	0.00193184505748	-0.0129932612435	1.0871644918e-05	7.15440930221e-06	2.82567586192e-06
120.576873671	22.8600222906	0.0177888652772	0.00523395571005	-0.0142765859995	1.70345926449e-05	3.44415073674e-06	3.73172577949e-06
120.620983917	22.8600198159	0.0106609706558	0.00354080731059	-0.00810124503607	1.05240699467e-05	2.98404366951e-06	3.38203184066e-06
120.665094142	22.8600051153	-0.00117009375035	0.00170689669558	-0.00125960821016	7.51018402199e-05	9.59023652363e-06	2.29149592815e-05
120.709204315	22.8599781889	9.9624070233e-05	0.00134834399924	0.00743773352589	5.08907623322e-05	1.56717808866e-05	2.09954340164e-05
120.753314407	22.8599390367	0.0049133756204	0.00128952963864	0.0025512312744	5.40910570997e-05	2.50650876144e-05	2.35419966628e-05
120.797424387	22.859887659	0.00678157790023	0.000729140980377	-0.00800588733883	2.32103600484e-05	3.55862721192e-05	6.72862020892e-06
120.841534225	22.8598240557	0.0160233219038	-1.40222708503e-05	-0.00644149959568	2.65828041722e-05	4.04632266747e-05	1.06132276853e-05
120.88564389	22.8597482272	-0.0105970761538	-0.000554327763482	0.0083515931848	2.59345806563e-05	4.14764690691e-05	1.29616943903e-05
120.929753353	22.8596601736	-0.0460002387333	-0.000901643977503	-0.00602558518126	3.11062367567e-05	4.1585035845e-05	1.05262896008e-05
120.091517808	22.9004455399	-4.60903775707e-10	-0.00116394686793	4.32820389515e-05	0.000172581680834	3.67533241756e-05	0.000180945713898
120.135639604	22.9005778068	-4.22397664297e-05	-0.00127407178801	0.00257093674928	0.000172545311889	2.64743083642e-05	0.000163506232677
120.179761712	22.9006978252	0.00168772656766	-0.000340202715313	0.000124920755824	3.34863324661e-05	1.49812731783e-05	9.93119654884e-06
120.223884101	22.9008055946	-0.00727464703519	-0.000250510541872	-0.005033151909	9.82548494818e-06	7.84401762448e-06	2.72110621346e-06
120.268006741	22.900901115	-0.0084758579569	-0.00417958189337	0.00441135557314	2.53725622258e-05	2.99735877433e-06	5.45853084106e-06
120.312129602	22.9009843858	-0.0208968603338	-0.012802868492	0.0167356368308	1.13974002362e-05	9.1111651215e-07	3.37697427945e-06
120.356252653	22.9010554071	-0.0298409397337	-0.0225758264071	0.0495229250374	2.02724589242e-05	1.93690295265e-06	4.36155786497e-06
120.400375865	22.9011141784	-0.0142074839449	-0.0269979410861	0.088265904644	1.21900741387e-05	1.86964370696e-06	3.01098428835e-06
120.444499206	22.9011606998	0.00367493056883	-0.0214185836155	0.0405506785123	3.9761080243e-05	1.30949426567e-06	6.87406214008e-06
120.488622648	22.9011949709	-0.00623754608895	-0.00897667029659	0.008431414611	1.67706166237e-05	1.36706345438e-06	6.26645079186e-06
120.532746159	22.9012169919	0.00880737051267	0.00171848570625	-0.0134236608777	1.62511558001e-05	1.65428384355e-06	5.73911102752e-06
120.576869709	22.9012267625	0.00356585974062	0.00558175860727	-0.0237860223695	1.63456873283e-05	3.42017804978e-06	4.24220561997e-06
120.620993268	22.9012242828	0.0110043000997	0.00447391295253	-0.0151506346747	1.67549694631e-05	9.05623526963e-06	6.19732387399e-06
120.665116806	22.9012095527	0.00891645909646	0.00264688047189	-0.00725350332766	0.000102735852653	7.15142644295e-06	2.48588243866e-05
120.709240293	22.9011825724	-0.0063629916701	0.00185725311114	-0.00291518899361	4.48817574918e-05	3.69109213824e-06	1.02163109776e-05
120.753363698	22.9011433419	0.0130887469472	0.00145647955472	-0.00853597989925	3.61393128149e-05	1.63713242734e-05	8.74301208634e-06
120.79748699	22.9010918612	-0.00665939064289	0.000879139126558	0.0138195697222	2.19734869866e-05	3.30503472726e-05	6.27715720209e-06
120.841610141	22.9010281306	0.0092081157382	0.000294995986818	-0.00439759597687	9.418949258e-06	4.0150753263e-05	4.30002237893e-06
120.885733119	22.9009521502	-0.00799154341318	-0.000147643572473	-0.00316502555784	4.56301304534e-05	4.14604852389e-05	1.17550380504e-05
120.929855894	22.9008639202	-0.0259109581397	-0.000521801051364	-0.000455760035854	4.39724702845e-05	4.15812061048e-05	1.50377172521e-05
120.091367064	22.941648236	1.20956864054e-07	-0.000780892988023	-0.000571170568332	0.000172581680725	3.03237569366e-05	0.000180575130331
120.135502202	22.9417807673	-0.000282098751076	-0.00119408729259	-0.00187479956797	0.000168252667768	1.53142054146e-05	0.00011975943385
120.179637651	22.9419010257	-0.0062123544568	-0.000549345130861	0.00168223282037	2.09297444984e-05	3.79936605825e-06	6.05143945714e-06
120.223773383	22.9420090107	-0.0117312542235	-0.00088729667298	0.017193324949	5.66718144067e-06	1.40910833286e-06	2.7831103516e-06
120.267909365	22.942104722	-0.0164323561213	-0.00481744170142	0.0163451173239	6.71199141981e-06	8.91056393989e-07	1.90746041799e-06
120.312045569	22.9421881594	-0.0333694077731	-0.0109786595445	0.0165917958543	1.39681361344e-05	1.76558259112e-06	3.72890214346e-06
120.356181964	22.9422593227	-0.0522540395867	-0.015317707799	0.0703368732712	3.02260639087e-05	4.19458016875e-06	9.0088431859e-06
120.400318519	22.9423182116	-0.0343059233244	-0.0153818871046	0.123232865583	7.00429613559e-05	3.03109961455e-06	2.25625097295e-05
120.444455204	22.942364826	0.000900746987366	-0.0114263191548	0.062395801147	1.56620935832e-05	1.49111748372e-06	6.60609873668e-06
120.488591989	22.9423991657	-0.00790697912414	-0.0058895106235	0.0178051413094	2.65167700136e-05	1.2753071195e-06	5.64987566589e-06
120.532728844	22.9424212307	0.00149099282416	-0.00165647704367	-0.0175473709726	1.56418117563e-05	2.2012376386e-06	4.78199396227e-06
120.576865738	22.9424310208	-0.00542531852533	0.000241718670432	-0.0234652571349	3.25839390303e-05	7.36800551089e-06	1.15745422468e-05
120.621002641	22.9424285361	-0.0159934188617	0.00067799000786	-0.0273196060667	6.82630485058e-05	1.43462189053e-05	2.19997383014e-05
120.665139523	22.9424137766	-0.00726123469306	0.000861744251973	-0.00752896305414	9.5997781166e-05	9.96343360421e-06	2.41960802572e-05
120.709276354	22.9423867424	-0.000845641657651	0.00112806345824	0.00369723931529	7.67041110892e-05	5.97611247529e-06	2.13077794952e-05
120.753413102	22.9423474334	0.0118512123591	0.00114787238344	-0.000166644424373	6.59139132869e-05	1.8633078535e-05	1.26887178938e-05
120.797549738	22.9422958497	0.00833054500816	0.000868966880904	0.00509056209847	3.56804052191e-05	3.40215920341e-05	1.08631817296e-05
120.841686232	22.9422319917	0.012929502316	0.000562980542499	-0.00273124705988	1.91432160199e-05	4.03307784332e-05	6.23622125777e-06
120.885822553	22.9421558593	0.00441046956405	0.000307727140475	-0.00370451131067	1.07085799029e-05	4.14734941596e-05	4.85458348029e-06
120.929958671	22.9420674529	-0.0144794337205	3.27775634798e-05	0.00874733203944	9.07623815453e-05	4.15796863167e-05	3.08123258199e-05
120.091215973	22.9828507172	6.17575803133e-06	0.00132953841845	-0.00227200593262	0.000172569141626	2.09162475138e-05	0.000166939036085
120.135364483	22.9829835132	0.0102786986807	0.000850697445837	-0.0133920572155	0.000115222585563	1.05770387242e-05	3.66109080977e-05
120.179513305	22.9831040118	-0.00183939013217	0.00109459533067	-0.00110565622533	1.19036774138e-05	2.87973343639e-06	3.23267497816e-06
120.223662409	22.9832122124	-0.0165967757262	0.000840696450213	0.0182170885847	1.42595363611e-05	1.1233520232e-06	3.28460927793e-06
120.267811765	22.9833081149	-0.00932290901129	-0.00110796866555	0.00480553316428	1.13963577513e-05	3.05046749957e-06	3.24147517875e-06
120.311961343	22.9833917189	-0.0113732190445	-0.00226793479871	0.0154199984039	1.46842807802e-05	5.28002363937e-06	3.09593845377e-06
120.356111111	22.9834630243	-0.0361710968115	-3.31439861653e-05	0.077575658726	3.59797301092e-05	5.00236813016e-06	1.17056416318e-05
120.400261041	22.9835220308	-0.0369832422806	0.00309446134749	0.114925329555	1.84481383663e-05	2.07514457954e-06	4.45187916331e-06
120.4444111	22.9835687382	0.00373583445944	0.00261684091067	0.0908860551012	2.67966948293e-05	3.89632055652e-06	9.56398540144e-06
120.48856126	22.9836031465	-0.0152998279049	-0.00194273634698	0.0171120627203	6.92112486889e-05	4.91072719033e-06	1.48140834976e-05
120.532711489	22.9836252556	0.0110855369308	-0.00684332050687	-0.0253016124264	5.17398179113e-05	1.95496317033e-06	8.39481495032e-06
120.576861758	22.9836350653	-0.00651970246282	-0.00857984179913	-0.0419120724264	7.10513268961e-05	5.70794443226e-06	2.04042564939e-05
120.621012036	22.9836325757	-0.00453865693269	-0.00698396797223	-0.0239304586593	9.6919316815e-05	1.104677795e-05	2.87482857891e-05
120.665162293	22.9836177867	0.0211650683334	-0.00409278097797	-0.0278273677792	4.47426262292e-05	8.69575753369e-06	1.05714185309e-05
120.709312497	22.9835906984	-0.011831306702	-0.00165478446136	-0.00992323259728	2.34144816464e-05	1.34706519825e-05	7.4816958695e-06
120.75346262	22.9835513109	0.00242101521465	-0.000253005928242	-0.00920745459105	5.48193170357e-05	2.74514774161e-05	1.69936754014e-05
120.797612631	22.9834996243	0.0146460642672	0.000352421035309	-2.27409031023e-05	4.19384095398e-05	3.76043624088e-05	1.21925815154e-05
120.841762499	22.9834356387	0.0107019054757	0.000598336549537	-0.00938937304936	2.81082537015e-05	4.09643954817e-05	1.06644048276e-05
120.885912193	22.9833593543	0.0067901320689	0.000678571328149	-0.010180628191	3.1457254726e-05	4.15221717904e-05	8.86166634331e-06
120.930061685	22.9832707713	0.00960139338359	0.000639387548716	-0.00148348002216	5.33376793936e-05	4.15790149745e-05	1.78374048943e-05
120.091064533	23.0240529834	-0.00883193517593	0.00432096739732	0.00508781313191	0.000105178343644	7.2181746641e-06	7.58305454515e-05
120.135226446	23.0241860443	0.00499321533626	0.00391132025269	-0.00907821032068	1.79651260754e-05	7.95151790903e-06	6.25887095722e-06
120.179388672	23.0243067831	0.00578771973085	0.00348712338475	-0.00387133400747	3.30589263737e-05	5.45603573827e-06	5.75185273273e-06
120.22355118	23.0244151995	-0.0118505202989	0.00312968880971	0.0169800464648	4.74058304053e-06	1.28443427699e-06	2.35995129554e-06
120.26771394	23.0245112932	-0.0143743627974	0.00303119869198	0.00403130860228	9.46112179265e-06	4.56928482795e-06	2.92872657886e-06
120.311876922	23.024595064	0.00199415577443	0.00531173409475	0.0143312643922	1.38801182832e-05	4.77658139373e-06	3.79972465924e-06
120.356040096	23.0246665115	-0.0210511388838	0.0104736919037	0.0481673052008	4.30582924599e-05	3.06808192297e-06	9.34078882426e-06
120.40020343	23.0247256357	-0.0156138671113	0.0137267389153	0.0853444694162	2.46500123963e-05	5.16653792691e-06	5.99991786072e-06
120.444366895	23.0247724363	0.0130584618839	0.00971191700975	0.0624885455237	1.5624332099e-05	1.27015195304e-05	5.8774725434e-06
120.48853046	23.0248069132	-0.0123094189131	-0.000611419448146	0.00560463324031	2.21620915349e-05	1.47657405939e-05	1.06575669018e-05
120.532694095	23.0248290664	-0.0157707539268	-0.0108083785507	-0.0156737096209	2.71971427428e-05	6.09755076248e-06	7.61361783649e-06
120.576857769	23.0248388956	-0.0165517442205	-0.0154066997444	-0.0328937587256	3.68163519434e-05	3.58624352275e-06	1.26176331824e-05
120.621021452	23.024836401	-0.00579880242868	-0.0139794995074	-0.0159915466626	9.55670805368e-05	4.88897534943e-06	3.4175135954e-05
120.665185114	23.0248215826	-0.0197741861928	-0.00965827472755	-0.0266852036488	1.04540842468e-05	2.45250010604e-06	3.80450673547e-06
120.709348724	23.0247944403	-0.000317056469767	-0.00541345322226	-0.0155152304089	7.96927150174e-05	1.172087807e-05	2.51468899363e-05
120.753512253	23.0247549742	0.0102243638616	-0.00243762588879	-0.009798293635	8.4738759847e-05	2.85674764604e-05	2.71864136247e-05
120.797675668	23.0247031845	0.0296590808886	-0.00070646926213	-0.00337501408839	5.2341052743e-05	3.82269445492e-05	1.10062287945e-05
120.841838941	23.0246390713	0.0388030807737	0.000213817420044	-0.0142019658787	4.64743905128e-05	4.09757422754e-05	1.44396684178e-05
120.886002041	23.0245626348	0.0071686493039	0.0007126690014	-0.0171214665554	2.10752927624e-05	4.14875731216e-05	7.22976835919e-06
120.930164937	23.0244738752	0.00572740723582	0.00101351305714	-0.00752903490143	4.58922206657e-05	4.15718451654e-05	1.68114497043e-05
120.090912744	23.0652550342	-0.0187025190794	0.00617407820571	0.0133337090675	2.25504766624e-05	2.27795602963e-06	1.33962866473e-05
120.135088091	23.0653883601	0.00127684220018	0.00586440047448	-0.0150092621581	1.77711267985e-05	7.42808486508e-06	3.88983029953e-06
120.179263752	23.0655093393	0.0155655759074	0.00475713129662	-0.011534915674	1.53860074215e-05	6.08786651967e-06	3.69732602774e-06
120.223439695	23.0656179716	0.00927030498963	0.00389626058054	-0.000849711110275	1.42692579873e-05	1.92072266914e-06	3.18971411093e-06
120.26761589	23.0657142567	-0.00113575497305	0.00429265466169	-0.00902995327604	1.17371673411e-05	6.46716870152e-06	3.00181823831e-06
120.311792308	23.0657981943	0.0141702426595	0.00708787962741	-0.00681609093944	1.71089944536e-05	4.44891168812e-06	3.51715108398e-06
120.355968917	23.0658697841	-0.00811726952497	0.0114212316516	0.0265830556641	2.36607657509e-05	5.69729280975e-06	6.51353071906e-06
120.400145687	23.0659290261	-0.0112801173595	0.0130987841568	0.0464694695571	1.73325964848e-05	1.6995919502e-05	6.74086347786e-06
120.444322588	23.0659759199	-0.000809507355492	0.00841898433288	0.017942736212	4.73042756588e-05	2.64166256086e-05	8.60203508144e-06
120.488499589	23.0660104654	-0.00181525109399	-0.00144513522499	0.00350743433899	1.19055869899e-05	2.56290269559e-05	3.39103836065e-06
120.53267666	23.0660326627	-0.0109237636826	-0.0114257347054	-0.0176119919676	5.80696487869e-05	1.30259021733e-05	1.5090434051e-05
120.576853771	23.0660425115	-0.00657037905529	-0.0168721122728	-0.0142144742021	2.43172912887e-05	2.91417288373e-06	7.27844461323e-06
120.62103089	23.066040012	-0.0255210819891	-0.0166389376445	-0.0156772096335	0.000119201591629	3.29683382473e-06	4.43377357107e-05
120.665207989	23.066025164	-0.00972510284305	-0.0128538870142	-0.00795991344716	1.91463148804e-05	3.11678066645e-06	8.88518490003e-06
120.709385035	23.0659979676	-0.0012805196359	-0.00826967781351	-0.00761193406447	7.15454964135e-05	7.31016809093e-06	1.49570028944e-05
120.753561999	23.065958423	-0.00242012063035	-0.00447590363504	-0.0126616402798	2.52218527085e-05	2.16339832777e-05	7.93507473716e-06
120.797738851	23.0659065302	0.0161208374077	-0.00197728684624	0.00401817586352	2.73897444262e-05	3.35428788783e-05	1.14286090151e-05
120.84191556	23.0658422893	0.00318095255073	-0.00056866320622	-0.00954904806056	2.26701672527e-05	3.90320843972e-05	8.79444503968e-06
120.886092095	23.0657657006	0.0272064701058	0.000286103755391	-0.0120972561929	2.57184401662e-05	4.10431596922e-05	7.86373892674e-06
120.930268426	23.0656767642	-0.00345646723431	0.000943906669844	-0.00351103289237	4.02452743344e-05	4.15249402312e-05	1.05192638127e-05
120.090760607	23.1064568694	-0.00234602514419	0.00601854584848	-0.0129118190545	8.873460905e-05	4.37806619751e-06	3.72230716001e-05
120.134949419	23.1065904604	-0.00391535440942	0.00598180514839	-0.0130340204727	1.32769038615e-05	9.76699405297e-06	3.02994074916e-06
120.179138544	23.1067116802	0.0049893911514	0.00470633805487	-0.010856246495	1.42755195335e-05	7.86489044437e-06	3.24856344914e-06
120.223327953	23.1068205285	0.00652853796548	0.00349900417882	-0.0113651641384	1.13186714438e-05	5.77129901711e-06	2.69636380141e-06
120.267517614	23.1069170051	-0.000760733559946	0.00373905345172	-0.0102503391159	2.69536102881e-05	1.29790379343e-05	5.28150308076e-06
120.311707498	23.1070011096	0.0279052556597	0.00598780664367	0.000580225207339	1.46167818124e-05	1.45190143086e-05	3.68564107711e-06
120.355897574	23.1070728418	-0.0115556948463	0.00881846005302	0.00771393399697	9.43687534145e-06	1.67995789386e-05	2.83033560947e-06
120.400087811	23.1071322015	-0.00235360307362	0.00915959471721	0.0233670990159	1.31060794303e-05	2.61684911409e-05	4.78209499571e-06
120.444278179	23.1071791886	-0.0108316693216	0.00518872390548	0.000266802508818	2.82113485449e-05	3.1662745304e-05	5.66495787993e-06
120.488468647	23.1072138029	0.000598650888936	-0.00187092408858	-0.00568708897565	1.78318857456e-05	2.64986349546e-05	6.33618818184e-06
120.532659185	23.1072360443	-0.00384526526125	-0.00910867589307	-0.013937685842	5.4974132521e-05	1.36494591574e-05	1.76278865807e-05
120.576849763	23.1072459127	-0.00982607389952	-0.0138456832141	-0.0229016336043	4.30359689625e-05	4.91338831209e-06	1.11953050541e-05
120.62104035	23.1072434082	-0.0106982341523	-0.0148500597854	-0.00514320462422	5.39410141463e-05	6.99542894481e-06	2.56758152189e-05
120.665230915	23.1072285307	-0.00439616738213	-0.0127851073501	-0.00404464947706	0.000123883778524	5.62351549117e-06	3.93853677136e-05
120.709421429	23.1072012802	-0.0159574259641	-0.00923025395645	-0.00183199717947	7.35161047609e-06	2.33257087037e-06	4.18416800884e-06
120.75361186	23.1071616569	0.0141306213215	-0.00562665485246	-0.00351809966186	2.1499469275e-05	9.61825317313e-06	7.90155068214e-06
120.797802179	23.1071096609	0.00355711221653	-0.00297413258119	0.00274992809971	0.000102377429162	2.14227991924e-05	4.02591658586e-05
120.841992354	23.1070452923	0.0250653881242	-0.00141549693206	0.0281571144462	0.000121212213743	3.29962899845e-05	4.23372810853e-05
120.886182356	23.1069685513	-0.00231033409695	-0.000369250506695	0.0140132414714	5.58164448778e-05	3.96109025467e-05	2.76341539115e-05
120.930372153	23.106879438	0.0135682221878	0.000553134262307	0.000392202524188	6.88267815249e-05	4.13720619417e-05	2.88513725697e-05
120.09060812	23.1476584886	-0.00498384173927	0.00473487841906	-0.000697532680763	5.28610688365e-06	1.95306315469e-06	3.7035050233e-06
120.134810427	23.1477923449	-0.00313420005418	0.00512328026034	-0.010271513458	1.37515445445e-05	6.31068143566e-06	3.38300179457e-06
120.179013049	23.1479138054	0.00386467084059	0.00418514639052	-0.00806375857649	1.75121120966e-05	1.1416127311e-05	3.81963475521e-06
120.223215954	23.1480228699	0.00318247977858	0.00305319202533	-0.00283278268169	1.29985090145e-05	1.6631081142e-05	4.10924647338e-06
120.267419113	23.1481195381	0.00419141847429	0.00336527871427	-0.00212807457306	4.34028911691e-05	1.98555474831e-05	7.829044283e-06
120.311622494	23.1482038096	-0.00515872060803	0.00569386585121	-0.00500076488922	1.09263444479e-05	1.70882468706e-05	3.52586483869e-06
120.355826067	23.1482756843	-0.00682401859977	0.00821871527051	-0.00319996115059	1.26656454207e-05	1.59200496911e-05	3.71460583783e-06
120.400029802	23.1483351619	-0.00147662716315	0.00792223275303	0.00520624569855	2.80555371768e-05	2.05721545748e-05	6.06438460722e-06
120.444233667	23.1483822422	0.00850063208731	0.00395205983531	-0.00274507543478	1.10713679065e-05	2.34462083907e-05	4.97694936699e-06
120.488437634	23.1484169253	-0.000334838226425	-0.00167358778594	-0.0106073341061	2.25886328925e-05	1.55299057902e-05	6.97821939085e-06
120.53264167	23.1484392108	-0.00238524754651	-0.00675171194224	-0.0114809980679	1.48858315549e-05	7.02039879107e-06	5.17355766687e-06
120.576845746	23.1484490988	-0.00211368681728	-0.0102939784102	-0.0237012533034	1.88775064098e-05	9.68569281611e-06	8.44989732669e-06
120.621049831	23.1484465893	-0.00691485750564	-0.0119008291067	-0.0146538645159	1.26770693665e-05	1.62082384696e-05	4.43167339101e-06
120.665253895	23.1484316823	-0.00454157146662	-0.0114626519472	-0.00444348344981	2.90697758709e-05	1.3329723054e-05	1.31389902439e-05
120.709457907	23.1484043777	-0.00106163707649	-0.00926804829026	-0.00459153444916	4.67678028809e-05	5.8773722951e-06	2.30443180784e-05
120.753661836	23.1483646758	0.00936557551473	-0.00624423458474	-0.0140917763115	4.28139208179e-05	2.29945735702e-06	1.13236399992e-05
120.797865653	23.1483125765	0.00518148198208	-0.00370788070209	0.00203057113149	9.36587969862e-05	9.00992302625e-06	1.97209209012e-05
120.842069326	23.14824808	0.0165990340009	-0.0021548906722	0.0136643148445	4.08331387213e-05	2.62557430008e-05	1.93033682888e-05
120.886272825	23.1481711866	-0.00172996390526	-0.00103232490643	0.00201385259693	9.02078324713e-05	3.80130327918e-05	3.335530564e-05
120.930476119	23.1480818964	0.00812694004861	3.74235341468e-05	-0.0131939210825	5.39536846909e-05	4.11934552584e-05	2.60173295523e-05
120.090455282	23.1888598916	0.0065739522114	0.00339857652433	-8.46811984598e-05	4.49583121375e-05	7.27723355937e-06	1.81859398172e-05
120.134671117	23.1889940133	-0.00516400750108	0.00413165084697	-0.00517816670344	1.98196527306e-06	2.05576016088e-06	1.89251663037e-06
120.178887266	23.1891157147	0.00118449264065	0.00367703255644	-0.0101351843471	8.42573612492e-06	1.04462088962e-05	2.16269074707e-06
120.223103698	23.1892249955	0.00789866779652	0.00287705377216	-0.00757390386016	1.26865044796e-05	2.24339102231e-05	3.34723403676e-06
120.267320385	23.1893218554	0.00781100556686	0.003515053483	-0.0025354541933	1.17266031309e-05	1.93929013205e-05	3.4207613055e-06
120.311537294	23.189406294	0.00176406032809	0.0063911274351	-0.00372951599856	7.74617898844e-06	7.50333277163e-06	2.77452493641e-06
120.355754396	23.1894783112	0.00477497980106	0.00935536005736	-0.00594078019144	9.81346729218e-06	2.87679234022e-06	3.46519066089e-06
120.399971659	23.1895379068	-0.00298777160948	0.00875186008005	-0.00515594698644	4.25712718347e-05	7.36162343503e-06	1.291245073e-05
120.444189054	23.1895850805	-0.00622967964757	0.00387200369035	0.00517211077975	9.10635065187e-05	1.07920223524e-05	2.15488355134e-05
120.488406549	23.1896198323	-0.00248005147795	-0.00221721812213	-0.00573282975021	1.10838153011e-05	4.56663839329e-06	3.4828795536e-06
120.532624115	23.189642162	-0.000982047914625	-0.00675018257393	-0.00357341674577	6.33882798135e-06	2.03950009678e-06	3.09176249646e-06
120.57684172	23.1896520697	-0.00316630292022	-0.00947649157252	-0.00866766538671	6.10905217321e-05	8.43347281022e-06	2.15873465252e-05
120.621059335	23.1896495552	0.0123763198179	-0.0110107775419	2.22302511853e-05	1.77872336312e-05	1.57969162302e-05	7.33923064904e-06
120.665276927	23.1896346186	-0.0216576818848	-0.0112812075974	-0.00657444065873	4.57877174012e-05	1.39282750932e-05	1.70034754546e-05
120.709494468	23.1896072599	0.00172864253444	-0.00984106198572	-0.0123914226042	5.1183784115e-05	7.71535230697e-06	1.32745393286e-05
120.753711927	23.1895674792	0.0139845934453	-0.00712926091883	-0.018426641959	3.08766173426e-05	5.44253422858e-06	8.06469849418e-06
120.797929272	23.1895152766	0.00592335683967	-0.00458079752884	-0.00723299673296	3.92721998192e-05	1.23667735305e-05	1.18401656836e-05
120.842146474	23.1894506522	0.0186456490653	-0.00296716221542	0.0177467768439	7.3243421807e-05	2.80688200791e-05	3.15808394498e-05
120.886363501	23.1893736063	0.0187635929684	-0.00179841742859	0.019211766381	1.56341367434e-05	3.84648532146e-05	5.58474772623e-06
120.930580324	23.189284139	0.00965139135902	-0.000649160295515	-0.0171721217436	6.93550819929e-05	4.12326795985e-05	2.02883983058e-05
120.090302094	23.230061078	0.00848661482611	0.00231956587833	0.000606156743272	3.30912911994e-05	2.15392330554e-05	1.71604108624e-05
120.134531486	23.2301954653	0.000648453087066	0.00320862081379	-0.00743129766188	1.86965938766e-05	1.24020831808e-05	3.2699022145e-06
120.178761194	23.2303174078	0.0020367949604	0.00324650026625	-0.0129125803004	1.17241387019e-05	1.78761557545e-05	3.09705656721e-06
120.222991185	23.230426905	0.00940849949579	0.00293205382531	-0.0101297841737	1.73652499481e-05	2.72668034162e-05	4.20122740279e-06
120.267221431	23.2305239566	0.00928134049525	0.00383803874266	-0.00157493758103	1.12644107574e-05	2.20845156736e-05	3.04871097103e-06
120.311451899	23.2306085625	0.00985423385278	0.00686762391586	4.56044216873e-06	1.75226623479e-05	9.86920434516e-06	3.49987301676e-06
120.35568256	23.2306807223	0.0107881240361	0.0099885487002	7.7287845227e-05	1.49937644628e-05	4.71127086714e-06	4.82504105251e-06
120.399913383	23.2307404359	-0.00800169928561	0.00932847644273	0.000416275553528	1.56461528153e-05	6.67421432041e-06	7.04151169727e-06
120.444144338	23.230787703	0.00255169130827	0.00390109466445	0.00267105692873	5.90825813453e-05	7.22744175645e-06	1.69772666385e-05
120.488375394	23.2308225236	-0.000801825892217	-0.00296122652145	0.0128139672506	3.5102103837e-05	3.12973600428e-06	1.13546370434e-05
120.532606519	23.2308448976	-0.00662892243142	-0.00784773313514	-0.00561188374084	1.98640700243e-05	3.23150719927e-06	6.74905153493e-06
120.576837685	23.2308548249	-0.0119209543877	-0.0102921216734	0.000484360194633	1.88963442744e-05	3.08321895289e-06	6.20255548074e-06
120.62106886	23.2308523054	-0.00423918107796	-0.0113428656837	0.00109026463299	0.000103147065062	6.46921837672e-06	2.49684329578e-05
120.665300013	23.2308373392	-0.013296163535	-0.0114315626398	-0.000828920959002	7.82265415963e-05	5.42882011817e-06	1.96396264205e-05
120.709531114	23.2308099263	-0.0145214792305	-0.0101753943439	0.0110889424483	3.30184482835e-05	2.99742518373e-06	1.01854815034e-05
120.753762132	23.2307700669	-0.0168333702592	-0.00772518903133	0.00606171731058	3.35971448376e-05	1.27735627096e-05	1.76383067367e-05
120.797993037	23.2307177609	0.00157744881992	-0.00530443071701	0.0167527323527	5.43771633589e-05	2.57799065005e-05	9.92887570337e-06
120.842223798	23.2306530086	-0.00657948047538	-0.00374507897245	0.0239072675043	3.40387234469e-05	3.55228298662e-05	1.51724336324e-05
120.886454385	23.2305758101	0.0298711270725	-0.00265858412328	0.0161565643879	3.54457698082e-05	4.0253026424e-05	1.18241587402e-05
120.930684767	23.2304861656	0.0233253526021	-0.0015381568411	-0.00165857967292	4.12874445234e-05	4.14206956445e-05	1.54259772517e-05
120.090148555	23.2712620476	0.00765238935659	0.00139199946676	0.00347501981884	0.000137704880398	3.45801303208e-05	5.57489681405e-05
120.134391536	23.2713967007	0.00472573465379	0.00229947800947	-0.0149044818309	1.41667454626e-05	3.00606446351e-05	4.00454874599e-06
120.178634833	23.2715188843	0.0108495429068	0.00287346119694	-0.0221701425187	1.95588077856e-05	3.10512787046e-05	4.14830842872e-06
120.222878414	23.271628598	0.0064818042471	0.00320795500643	-0.00923331984005	2.06592481323e-05	3.15598302143e-05	5.61515751851e-06
120.267122249	23.2717258416	0.00649716916354	0.00424066852099	-0.00176052200647	1.55437301501e-05	2.58352298946e-05	4.55800882427e-06
120.311366308	23.2718106148	0.00850761488824	0.00674418288544	0.00317376660939	9.89640926476e-06	1.92308481694e-05	3.49082829056e-06
120.35561056	23.2718829173	0.00556414145034	0.00938344855856	0.00384725325225	2.29654230749e-05	1.25568979168e-05	4.74371768667e-06
120.399854974	23.271942749	-0.00542210332927	0.00898086014286	0.00450497104453	2.99185245828e-05	7.60291973836e-06	6.97525270236e-06
120.44409952	23.2719901096	-0.00464109510545	0.00424290819886	0.000306725605788	2.84415031498e-05	9.16781397912e-06	8.15646641733e-06
120.488344167	23.2720249991	-0.00870127473057	-0.00226209094708	0.00579743524055	6.78927971896e-05	1.10405930622e-05	2.68598001316e-05
120.532588884	23.2720474173	-0.0113528224391	-0.00713666964383	0.0048125722169	9.69643506029e-05	9.11114748999e-06	2.58911702194e-05
120.57683364	23.2720573642	-3.92188307455e-05	-0.00932302706443	0.00274265899633	3.85451374974e-05	3.73574918264e-06	1.19855520905e-05
120.621078406	23.2720548397	-0.00581414996143	-0.00974145337626	0.00548006700864	0.00011001261956	5.67379524559e-06	2.36832554483e-05
120.665323151	23.2720398439	-0.0109665209563	-0.00942738156293	-0.00526405222866	4.01272477765e-05	5.35151642691e-06	1.26360634978e-05
120.709567843	23.2720123769	0.00567353667445	-0.00851326088629	0.000835727174981	2.5817463911e-05	5.84847211948e-06	1.08321144241e-05
120.753812452	23.2719724385	-0.00466679360114	-0.00688924612724	-0.00216056991833	0.00013941700597	2.02856720505e-05	4.43194463815e-05
120.798056949	23.2719200291	-0.0126440837665	-0.00516450380072	0.00693060550761	6.18122891482e-05	3.4186459934e-05	2.17711573191e-05
120.842301301	23.2718551487	-0.00906365150303	-0.00399951897072	0.0325281243713	0.00011992644906	3.98085622551e-05	4.44806684229e-05
120.886545478	23.2717777976	-0.0108082988032	-0.00321148213958	0.0262486829647	3.32967345269e-05	4.1265352784e-05	1.21420345228e-05
120.93078945	23.2716879758	0.0211688012404	-0.00230756185717	0.029717323977	5.69364486247e-05	4.15261015128e-05	2.23707471084e-05
120.089994665	23.3124628	0.00103929531652	0.000416628374376	-0.000592451812629	0.000171889236315	4.00491882497e-05	0.00014521172229
120.134251266	23.312597719	-0.00808235914106	0.00118503697401	-0.00243178957261	7.4837665383e-05	3.82115371494e-05	5.37346346282e-05
120.178508183	23.3127201439	-0.0203557915302	0.00226072139642	-0.00963535098558	6.07768939204e-05	3.4987203449e-05	3.86877171371e-05
120.222765385	23.3128300743	-0.000250402535246	0.0033150355669	-0.0119098269	5.16937214725e-05	2.55342268576e-05	3.23272973982e-05
120.267022841	23.31292751	0.00242084705633	0.00437414189686	0.00221386299267	4.19539409628e-05	1.52813754435e-05	1.46141363454e-05
120.311280522	23.3130124506	0.00421490245483	0.00587357637027	0.00566432483838	1.1305799132e-05	1.43449157077e-05	4.40786442839e-06
120.355538395	23.3130848959	0.00588687894016	0.00748201872556	0.0064038998824	2.46099652093e-05	1.01827295094e-05	5.3528775279e-06
120.399796431	23.3131448457	-0.00368885515517	0.00738591292246	0.00578967493669	5.40467736563e-06	2.40728297033e-06	2.56456051734e-06
120.444054599	23.3131922999	-0.0139949935708	0.00425550485946	0.00356591044317	4.72478108967e-05	8.60897522252e-06	1.64587010232e-05
120.488312868	23.3132272583	-0.00500716525284	-0.000563050659123	0.00515132383392	1.96913545917e-05	1.70745386358e-05	8.4596924025e-06
120.532571207	23.3132497207	2.34864122292e-06	-0.00434381662178	-0.000586171937194	8.09559157003e-05	1.27772734921e-05	3.06245298321e-05
120.576829587	23.3132596873	0.00719701933025	-0.0058011325794	-0.00797396587307	3.70777888601e-05	5.90524889201e-06	1.61608933085e-05
120.621087975	23.3132571578	0.00489679730427	-0.00577536340868	0.0134523193075	0.000104944916381	6.89138040883e-06	4.24113422887e-05
120.665346342	23.3132421324	-0.00200652607419	-0.00568499774526	0.00214972194304	2.768000423e-05	4.34589612926e-06	1.17961628294e-05
120.709604656	23.3132146111	-0.00684374062405	-0.00578151402202	0.00634003807696	8.82629913526e-05	6.68666928691e-06	2.82480631442e-05
120.753862888	23.3131745939	-0.00933578813409	-0.0053926790251	0.0196259021148	5.49142398881e-05	2.23263928087e-05	2.08013923071e-05
120.798121006	23.313122081	-0.000962968904795	-0.00447950952972	-0.00324277137037	1.66321579373e-05	3.56153621106e-05	7.09872867185e-06
120.84237898	23.3130570725	-0.005727919461	-0.00367626595636	0.0122237633513	4.17119380116e-05	4.04706395716e-05	1.11216336408e-05
120.886636779	23.3129795686	0.00252132133597	-0.00316866619159	0.00973175425869	3.09846889879e-05	4.14120928478e-05	1.15196826387e-05
120.930894373	23.3128895694	0.022780234358	-0.0025697294598	0.0340179231725	4.10533686988e-05	4.14882122202e-05	1.4006053491e-05
120.089840422	23.353663335	7.61223305261e-05	-0.000840294630779	0.00307143483258	0.000172560363602	3.81907615384e-05	0.000173271114301
120.134110674	23.3537985201	0.00669550927761	-0.000510993330666	0.0106691020514	0.000113994734075	3.51511593891e-05	7.86852484802e-05
120.178381243	23.3539211864	0.00260325997029	0.000822956697135	-0.00910053650652	9.35625136448e-05	3.07162672985e-05	6.55583223385e-05
120.222652097	23.3540313337	-0.00819173944082	0.00245842847964	-0.0152198373203	8.75127201017e-05	1.71801948983e-05	6.1563132067e-05
120.266923206	23.3541289615	-0.000439693174457	0.00345890535634	0.00538255475117	5.35299778777e-05	3.30557519161e-06	2.51946267567e-05
120.311194539	23.3542140696	-0.00111302452396	0.00382880701778	0.0102466864127	7.63293856562e-05	5.57099928362e-06	5.12737815709e-05
120.355466065	23.3542866578	-0.00152518824044	0.0042020373936	0.00731559233877	8.63911719485e-05	7.56871299446e-06	5.25241492476e-05
120.399737754	23.3543467258	-0.00252766405581	0.00425746517874	0.00149153690622	6.90007275452e-05	4.71765512716e-06	4.17384328351e-05
120.444009575	23.3543942736	-0.00777853657145	0.00286870403381	0.00154178029483	5.82593136299e-05	9.77659253821e-06	2.81997309001e-05
120.488281498	23.3544293009	-0.00427926789884	0.000285624700312	0.000922184402842	0.000103634044971	1.34779860642e-05	4.48357923521e-05
120.532553491	23.3544518077	-0.00865924838131	-0.00162691276709	-0.00217286880525	0.000102368620431	7.62521382781e-06	4.58816488197e-05
120.576825524	23.3544617939	-0.0042247492233	-0.00193367111243	-0.0068121958281	2.56290467631e-05	2.32625758342e-06	1.20570306837e-05
120.621097566	23.3544592595	0.00982716597754	-0.00189400978057	0.0190058752911	8.35871050557e-05	4.27399635363e-06	4.03044097753e-05
120.665369586	23.3544442044	0.0187592933536	-0.00293556242526	0.0053795356413	7.99733680655e-05	3.14353614571e-06	2.49564993349e-05
120.709641554	23.3544166288	0.0104844543763	-0.00445100995707	-0.00532286694734	4.92023872634e-05	3.63472230271e-06	2.09738363689e-05
120.753913439	23.3543765327	-0.00524081308303	-0.00486560723111	0.00466769079734	3.44059403965e-05	1.58825662345e-05	1.55015547573e-05
120.798185211	23.3543239162	0.00779752724988	-0.00405054651366	0.00693410937396	3.12394805428e-05	3.07262993698e-05	1.00308016814e-05
120.842456837	23.3542587795	-0.00406724291234	-0.00313753360414	0.00627573359235	2.36228618318e-05	3.87360166914e-05	6.09423412758e-06
120.886728289	23.3541811227	-0.00333651797111	-0.00271121475421	4.37066922539e-05	8.43694291416e-05	4.07853416819e-05	2.98261400143e-05
120.930999535	23.3540909461	0.00474863139928	-0.00237752927365	0.00792186098099	0.000110253778639	4.06733430729e-05	2.90473299491e-05
120.089685827	23.3948636523	4.3070070723e-05	-0.00237574888895	0.00298279943873	0.000172580661494	2.85702509001e-05	0.000177816156041
120.133969762	23.3949991036	0.00828584722707	-0.00278837073576	0.0144665847387	0.000144803028605	2.06995904694e-05	9.59845654574e-05
120.178254013	23.3951220116	-0.00150989357994	-0.00153918446236	-0.00283056819291	9.40448036863e-05	2.12417559125e-05	6.35655892881e-05
120.22253855	23.3952323757	-0.000599440023986	0.000435975735941	-0.00629070377829	9.2490871776e-05	1.76123422778e-05	6.20152095695e-05
120.266823342	23.3953301958	0.00632996543213	0.00145922662348	0.00412484484507	8.30031542193e-05	8.07514082031e-06	5.85606424616e-05
120.311108359	23.3954154715	0.00125275930415	0.00117140102365	0.0101708628847	8.43741012863e-05	6.18732745945e-06	5.93864920031e-05
120.35539357	23.3954882027	-0.0028319113401	0.000825776510979	0.00611113228116	8.03768873766e-05	4.04082684648e-06	5.10486040287e-05
120.399678943	23.395548389	0.00626846391475	0.00107144039801	0.00265406076391	7.47096138725e-05	3.68357549259e-06	5.00520667057e-05
120.443964449	23.3955960304	0.00352015982754	0.000859222362204	0.000338138799761	0.000100004650855	6.23673980456e-06	6.19660039351e-05
120.488250056	23.3956311267	0.0061587345515	-0.000224248727017	-0.00264432057021	0.000132003632248	4.83789110565e-06	6.76309011383e-05
120.532535734	23.3956536778	-0.00523143001465	-0.000682431245453	-0.00197368768061	8.33920972212e-05	2.83711397989e-06	5.31468230607e-05
120.576821451	23.3956636837	-0.0020265317808	2.96599421665e-05	0.00159154012578	0.000125712778481	1.7865267092e-06	7.02935326279e-05
120.621107178	23.3956611443	-0.00372093013937	-8.61908234112e-05	0.00389655507318	0.000144106566458	2.67971699743e-06	4.55087841251e-05
120.665392883	23.3956460596	-0.0105245300383	-0.00228483088743	0.00472774130224	0.000127204873256	4.2168655538e-06	5.72828989152e-05
120.709678536	23.3956184297	-0.00852262015646	-0.0046444044471	0.000779314796268	7.13945615451e-05	2.27865057237e-06	2.45044525871e-05
120.753964106	23.3955782546	-0.0115576417657	-0.00489379694714	-0.00397430859633	0.000114247351892	7.23483341736e-06	4.92360279931e-05
120.798249562	23.3955255345	0.00356003707011	-0.00350611994817	0.0151015535319	7.21762900382e-05	2.1620611015e-05	2.11470909878e-05
120.842534873	23.3954602695	0.00996019242311	-0.0023501212236	0.00649115399052	4.39901103687e-05	3.42431341652e-05	1.87097945051e-05
120.886820009	23.3953824598	-0.0060297917364	-0.00211100986739	0.00645722257812	1.50365592623e-05	3.77013053927e-05	5.44643949219e-06
120.931104938	23.3952921055	0.00685861013862	-0.00212132951775	0.00511212576787	2.2652773348e-05	3.55444485322e-05	8.97789673525e-06
120.089530879	23.4360637515	-0.000120898728442	-0.00371189158468	-0.00249681265068	0.000172579033942	1.75369076004e-05	0.000175269370856
120.133828527	23.4361994693	-0.00164660540678	-0.00482886872701	0.00588106064504	7.83178047381e-05	4.11291732661e-06	4.29044517326e-05
120.178126492	23.4363226189	-0.00959674328286	-0.00385911196469	0.000641271462764	8.9656906756e-05	1.0465414948e-05	6.09532739972e-05
120.222424744	23.4364332002	-0.00522829444357	-0.00174261663499	-0.00428110748828	8.6504979741e-05	1.78105773521e-05	6.12842808687e-05
120.266723251	23.4365312126	-0.00133988045832	-0.000445781113597	-0.000127032598623	8.62251706408e-05	1.09796849228e-05	6.0934829299e-05
120.311021983	23.4366166561	0.00285233132103	-0.000533006571878	0.00990578425237	9.4919761888e-05	5.66047000662e-06	6.07669905967e-05
120.355320909	23.4366895303	0.0031774691065	-0.000686988450974	0.00808370991498	7.88983151764e-05	3.77034562961e-06	5.42949886798e-05
120.399619998	23.436749835	0.000530740956746	-0.000151948447808	0.000349855604706	8.3725354037e-05	2.96423623387e-06	5.39221820125e-05
120.443919219	23.4367975701	0.00305082437658	-0.000149629475247	-0.00283065852942	9.79770604769e-05	2.51414814149e-06	5.5299593208e-05
120.488218542	23.4368327354	0.00342424403227	-0.0012064332073	-0.00760350843329	2.77091657766e-05	1.00178077645e-06	1.29046158512e-05
120.532517936	23.4368553309	-0.0145472468231	-0.00152004136604	0.00159023039068	4.4096933049e-05	1.46586263271e-06	2.5545033278e-05
120.57681737	23.4368653564	0.000523489639752	-0.00053506213546	-0.00130139540216	0.000117460180147	1.86596051112e-06	5.53968598273e-05
120.621116812	23.436862812	0.00167388430511	-0.000702336273032	-0.000875158373536	9.25346176197e-05	1.56648970936e-06	3.73178744413e-05
120.665416234	23.4368476977	0.000397047666441	-0.00304679643807	-0.00244956483244	0.000164052956486	3.23528633449e-06	0.000116382849883
120.709715602	23.4368200134	0.000249240868163	-0.00489805994239	-0.00226119734407	0.00014534172331	1.80750340985e-06	5.69955954197e-05
120.754014888	23.4367797593	-0.000765677797884	-0.00414633465684	-0.0104978569105	9.04951610349e-05	2.72201820938e-06	3.48330215697e-05
120.798314059	23.4367269355	-0.000275392986741	-0.00215094680052	0.00397345533964	0.000148099060924	1.34903259537e-05	7.76062042573e-05
120.842613086	23.4366615421	0.0137185776623	-0.00112858001999	0.00850536971111	0.000105967239559	2.83062270342e-05	5.49367605776e-05
120.886911937	23.4365835794	0.00689472764911	-0.00142741310164	0.00793700482433	7.51825799134e-05	3.02712036858e-05	3.63738800016e-05
120.931210582	23.4364930475	-0.00353808722383	-0.00196069072195	0.0085416945821	5.59483309254e-05	2.12978951161e-05	1.52933853601e-05
120.089375577	23.4772636325	4.20194452605e-05	-0.00418467709511	0.00241371317962	0.000172533300476	1.98695092371e-05	0.000169752809697
120.13368697	23.4773996168	-8.99434358505e-05	-0.00555607403774	0.0152028517019	0.000112809139697	7.75237417108e-06	6.51121100192e-05
120.177998681	23.4775230083	0.01020504084	-0.00486542588449	0.0192880574957	8.60673260788e-05	1.34207025713e-05	6.27937754542e-05
120.222310678	23.4776338067	-0.000324258964065	-0.00284579420039	0.00173669534148	8.79333227552e-05	1.83461322394e-05	6.51350664223e-05
120.266622931	23.4777320117	0.00289929492275	-0.00126408827174	0.000951502248098	8.16478271023e-05	7.36563426024e-06	5.54317134147e-05
120.31093541	23.477817623	-0.000391133398345	-0.00074684913421	0.0109874167507	3.03804821481e-05	2.47052906173e-06	1.67818911836e-05
120.355248082	23.4778906403	-0.0005810430524	-0.000380233440525	0.0094082736755	8.7493964057e-05	7.0557695327e-06	5.95317492815e-05
120.399560918	23.4779510635	0.00733237240478	0.000206155001005	0.00833804531019	9.28103596954e-05	4.48861277913e-06	5.8091799259e-05
120.443873887	23.4779988923	-0.00685993171313	-0.00016833032497	0.00248917483067	2.56927483134e-05	1.1383117376e-06	9.70806937519e-06
120.488186957	23.4780341267	-0.0124548773088	-0.00167472081195	0.00111593413565	8.50719872822e-05	1.73933147429e-06	4.53189797184e-05
120.532500098	23.4780567666	-0.017547743063	-0.00234213805105	0.000930920373532	9.77488166569e-05	1.83346751115e-06	5.33813985484e-05
120.576813279	23.4780668118	-0.00712870267875	-0.00177763268579	-7.472005178e-05	0.000103959203192	3.24739854258e-06	5.83872027183e-05
120.621126469	23.4780642624	-0.00285140153299	-0.00229753424407	-0.00437673347091	9.51558167302e-05	4.40923783231e-06	5.87326936613e-05
120.665439637	23.4780491184	-0.00607164929516	-0.00426378171133	-0.00516265168115	0.000108586451689	3.32900266429e-06	7.09874531021e-05
120.709752753	23.4780213797	-0.0092469842084	-0.00488847535798	-0.000170233042152	4.54591160153e-05	2.00231930178e-06	2.31958913698e-05
120.754065786	23.4779810466	0.0043624472894	-0.00296831952453	-0.00737238113884	0.000107266485624	4.71010321268e-06	5.51266872268e-05
120.798378705	23.477928119	0.00506264085963	-0.00061037685619	6.09303781378e-05	0.000128855073625	1.45708185734e-05	7.50820583652e-05
120.842691478	23.4778625972	-0.0236666170066	0.000113301988553	-0.0209925315747	0.00011068432148	2.72118887443e-05	6.40701515598e-05
120.887004076	23.4777844813	0.00561032354713	-0.000682530811905	0.00273008726	0.000110487426347	2.41251944904e-05	5.08365803191e-05
120.931316467	23.4776937716	0.00342068204527	-0.001643723879	0.00930256089902	0.000132077880991	7.71233554323e-06	4.04551622002e-05
