-81.0972695667	36.4869045306
-81.0447566153	36.5173652349
-81.0442117544	36.4638327005
-81.1435769893	36.5173650967
-81.1435426503	36.463462335
-81.0846396776	36.5175389083
-81.0610624968	36.4909882876
-81.1335897236	36.490409168
-81.0795830667	36.4633791313
-81.1117134373	36.4640270039
-81.1134840352	36.5091308423
-81.0647508201	36.5090362318
-81.0839271201	36.5002259669
-81.0439196377	36.4808831042
-81.0632129032	36.4739644517
-81.0439334258	36.5006939828
-81.1173666009	36.4802339142
-81.0786531802	36.4833841701
-81.0953608883	36.4716600167
-81.1128687103	36.4944539278
-81.1327532674	36.5056993498
-81.1437605004	36.4783735
-81.1285453191	36.4701360295
-81.1260646358	36.5176489378
-81.0973631059	36.508113611
-81.1439559063	36.4984846426
-81.0577073803	36.4640228007
-81.0997711518	36.4974626787
-81.1051468417	36.5174673379
-81.071064165	36.4982043479
-81.1307267507	36.4803108623
-81.0818732205	36.4734746161
-81.0521207496	36.5091640373
-81.0772815071	36.5093166264
-81.0471584597	36.4909704946
-81.1073631857	36.4740301549
-81.1239724184	36.4984779314
-81.0503546667	36.4722291433
-81.0589145316	36.5005097817
-81.0709557808	36.5174656328
-81.0560548631	36.4823603446
-81.0585165383	36.5170922735
-81.0864555899	36.4904238307
-81.121815135	36.4887536581
-81.1085461747	36.4859775907
-81.0892881392	36.480316421
-81.1436869931	36.508288543
-81.1002084724	36.4634724558
-81.0677015458	36.4820856838
-81.0688415597	36.4651370659
-81.1435914188	36.4872313914
-81.1175064753	36.4710806097
-81.1158026441	36.5176510977
-81.1085491367	36.5018149963
-81.0896463047	36.4635805435
-81.1397738225	36.4709657814
-81.0759654521	36.4911635584
-81.1233975222	36.509314043
-81.0877044731	36.5098733288
-81.0994919526	36.4791246792
-81.0943752816	36.5168197023
-81.121875763	36.4640250633
-81.1353882327	36.5132038796
-81.1339592749	36.4637437788
-81.1339769696	36.4981971496
-81.0727055003	36.4723619316
-81.0925027877	36.5019576733
-81.1171881073	36.5028322953
-81.0436275932	36.5080104078
-81.051438984	36.4973627087
-81.1043789997	36.4918128646
-81.1235469026	36.4756943756
-81.1054238241	36.5107063565
-81.0922909607	36.4948696456
-81.0714459915	36.5045922394
-81.0685328213	36.4890321044
-81.1057188252	36.4679082997
-81.1368017124	36.4840599793
-81.1097953199	36.4798647377
-81.0882172441	36.469640035
-81.136443083	36.4764313827
-81.0762464196	36.4776416229
-81.0541065377	36.4889354636
-81.0574994585	36.4702116933
-81.0559653242	36.4760624035
-81.1400647883	36.4931935848
-81.1242977457	36.4831981614
-81.0514357905	36.5031975347
-81.0642760177	36.4961830096
-81.0439500512	36.4748539878
-81.0514028636	36.5149347407
-81.0782106893	36.4967627647
-81.0494777944	36.484580863
-81.0510391573	36.4665212416
-81.101809742	36.503667837
-81.1275172797	36.493296517
-81.0774922203	36.514941204
-81.1157247281	36.4860855224
-81.0827019977	36.5057052312
-81.1398158022	36.5029184815
-81.0652164634	36.5025532285
-81.0624938306	36.4855062423
-81.0710271261	36.5112605251
-81.0581021427	36.5115351843
-81.0592694051	36.5059923035
-81.1200145003	36.4941640351
-81.1245998811	36.5040346323
-81.0996796805	36.5133926281
-81.0850008521	36.4849329639
-81.0617056451	36.4795835176
-81.1285642021	36.5126469717
-81.0653411184	36.5146503559
-81.0689271777	36.4768512858
-81.0749523775	36.4673609952
-81.0900456443	36.4747717691
-81.1300148293	36.4857935159
-81.0443701525	36.4695750092
-81.0507080074	36.4791544634
-81.0825009505	36.4791617621
-81.1207359313	36.5140737068
-81.102710791	36.4837553622
-81.110636094	36.5137622124
-81.1135449971	36.4751407326
-81.0981266299	36.4923689433
-81.0446247631	36.4955993983
-81.0814310487	36.4681967633
-81.0634695532	36.4687478582
-81.1018065446	36.4718078526
-81.130237536	36.4749515657
-81.0561417569	36.4941226322
-81.078116767	36.5023705238
-81.1067951337	36.497051672
-81.0436412678	36.4868939489
-81.0910740911	36.4855103658
-81.0728176602	36.4855134515
-81.1114339727	36.4696389017
-81.0842850537	36.4953206705
-81.0950036354	36.4667546706
-81.0932173437	36.5120568653
-81.1377344977	36.5084762357
-81.0824960436	36.5123448611
-81.0810372648	36.4884784191
-81.1298098974	36.5015326603
-81.1318163938	36.5172447336
-81.1225488257	36.4688409652
-81.1282187881	36.4635757176
-81.1133889383	36.4993135642
-81.0707082361	36.4935875001
-81.1410723478	36.5126426917
-81.0918042971	36.5065391674
-81.0931246998	36.4901462166
-81.1341241142	36.469208101
-81.0472619049	36.5115314298
-81.0946465928	36.4817592593
-81.1077162094	36.5065385236
-81.1119045067	36.4895891027
-81.1423046938	36.4829123541
-81.0885380076	36.5143189439
-81.1376698331	36.517089402
-81.1064324791	36.4635799754
-81.0889297063	36.4987835418
-81.0639313158	36.4635768353
-81.1174550289	36.4663414282
-81.1396495299	36.4667459447
-81.1185896163	36.5077261136
-81.0945834445	36.4768093945
-81.1046488471	36.479161841
-81.0872649317	36.5033900546
-81.1432259438	36.4742468202
-81.0734718429	36.4633782367
-81.1378757299	36.4880992771
-81.0681916658	36.4703234535
-81.0847913381	36.4648615151
-81.1268864601	36.4890302902
-81.0777064601	36.4709734678
-81.0739533061	36.4815311982
-81.127880728	36.5074352886
-81.1020860606	36.4882009288
-81.1323847922	36.509959801
-81.1189701601	36.4987569322
-81.0464093395	36.5042142964
-81.1001432718	36.5174677005
-81.1128713009	36.5051302217
-81.1185795853	36.4759857395
-81.1288585796	36.4976429582
-81.0948615152	36.498481592
-81.1257251869	36.4794466485
-81.1393101681	36.4973323031
-81.0510242771	36.4934726722
-81.0993759284	36.475142212
-81.1157324677	36.5137861754
-81.1123661037	36.4831058947
-81.103937089	36.5002259783
-81.1333960556	36.4943999828
-81.1357969033	36.4803214984
-81.085623507	36.4759755894
-81.098220002	36.5010919629
-81.117832878	36.4906994602
-81.0799978893	36.4930118543
-81.1439597992	36.5045441569
-81.1109843399	36.5174666496
-81.1089410603	36.4925532284
-81.0585298484	36.4879181523
-81.0960427957	36.5043165051
-81.1350095497	36.4728071777
-81.0735313446	36.5012584298
-81.1353820889	36.5016619575
-81.0768694834	36.487088646
-81.0657068011	36.4918551259
-81.0986578423	36.469214755
-81.0689172244	36.5077260109
-81.1192964427	36.4834878757
-81.1027366328	36.5078354907
-81.1435601624	36.4909694754
-81.12465067	36.4722331882
-81.0465179828	36.4780039628
-81.0756146796	36.5057043495
-81.1432224772	36.4687643747
-81.1067162987	36.4823657
-81.0589426473	36.4968094514
-81.1214519232	36.5175361167
-81.0546269586	36.4999313469
-81.0549810927	36.5062795262
-81.0485525285	36.4999291876
-81.0803508722	36.5175384946
-81.0498461701	36.4882856497
-81.0984734541	36.4833850731
-81.0667760224	36.4993576406
-81.1260435697	36.4665246721
-81.0685671354	36.4855076913
-81.054293536	36.4855087253
-81.1035433698	36.4756976517
-81.0552057912	36.4670783697
-81.048097738	36.5081975728
-81.1435963856	36.4950222092
-81.1050110129	36.5140761947
-81.0555758126	36.5146831965
-81.0533786895	36.4637435559
-81.1396566372	36.4788650326
-81.1094075998	36.5096871338
-81.1018783214	36.4945915486
-81.0956250489	36.4634726062
-81.0835585085	36.5089467446
-81.130720625	36.467326126
-81.121438889	36.4806019088
-81.0633623314	36.5058869419
-81.0639136128	36.5177419118
-81.1239437234	36.4915661743
-81.1214462178	36.5013774289
-81.0907176167	36.4670431798
-81.0749954383	36.494742455
-81.1393759036	36.4634639918
-81.0592078528	36.4733775164
-81.0600011256	36.4670383823
-81.0772658803	36.4742149627
-81.0843044419	36.4708815492
-81.0885394907	36.4932024376
-81.0731125268	36.5084824237
-81.1248121984	36.5137593931
-81.1178758804	36.5109002869
-81.1203754139	36.5048402504
-81.1139365265	36.4785835518
-81.1014356584	36.4668992007
-81.0746336875	36.5126323917
-81.1069952476	36.4889414249
-81.0572834958	36.4793044348
-81.0671718887	36.4736574218
-81.0494588074	36.5177373902
-81.0724958843	36.4892596022
-81.0482135499	36.4687657424
-81.1246562388	36.4863721112
-81.0507100938	36.4754033198
-81.0614097391	36.5149378943
-81.0751254221	36.5174663654
-81.0827053871	36.4823658969
-81.1282035777	36.4827319409
-81.0864539995	36.5068169221
-81.0645731633	36.4888458877
-81.0585544216	36.4847691369
-81.0671588214	36.5115374267
-81.0710398398	36.4681938679
-81.0691075303	36.5020910238
-81.1093759228	36.4665279832
-81.0564385752	36.5029213659
-81.1064597958	36.4709739297
-81.0803580609	36.4765645903
-81.0535458423	36.5175324158
-81.0621311401	36.4987793933
-81.0799966945	36.4996484734
-81.0609660338	36.4765269746
-81.0652025441	36.4776395089
-81.140387254	36.5059883405
-81.0728201809	36.476251818
-81.048216095	36.4644374922
-81.053537571	36.4698563197
-81.0462177355	36.5144945835
-81.0464253761	36.4725161914
-81.1243880865	36.4954214864
-81.1000073396	36.510325429
-81.1209760564	36.4730090733
-81.1160850147	36.4967617654
-81.1103639478	36.4768527977
-81.0457036483	36.4843464311
-81.0618546481	36.5112584061
-81.0960425549	36.4951474895
-81.0907154853	36.5175392303
-81.0538167492	36.5119967579
-81.1138439264	36.4671756323
-81.0476970355	36.4809681992
-81.069629945	36.5140742136
-81.043730479	36.4921731097
-81.0875013896	36.4875300687
-81.0599894001	36.493873475
-81.1332288106	36.4831955596
-81.1139348267	36.4719469094
-81.1293088334	36.5045493927
-81.078121248	36.4804204263
-81.0700408093	36.4797707149
-81.0679053809	36.4956076428
-81.1318148495	36.5140707092
-81.115625519	36.4637485088
-81.0517945378	36.4822662975
-81.1257340134	36.5010878171
-81.0914318205	36.4710828971
-81.061066039	36.4826203643
-81.1368059986	36.491850802
-81.1164674524	36.4934782964
-81.1053669629	36.5042655279
-81.0505772346	36.5060682053
-81.0436247125	36.5124559685
-81.1400601273	36.4853212094
-81.1192974746	36.4866619167
-81.1343882037	36.48736089
-81.1285486485	36.4776379825
-81.0946466191	36.4849333015
-81.0748520999	36.4985726747
-81.0789254527	36.5121878049
-81.0856229986	36.4806990386
-81.0571240895	36.5085885927
-81.1371650422	36.4950247092
-81.0549857255	36.4970459793
-81.0906011661	36.4776428951
-81.083928129	36.4924351531
-81.1317940952	36.4713654902
-81.0792047319	36.5052416468
-81.0609684705	36.4707847554
-81.0450433608	36.4666115418
-81.0485452145	36.4955092218
-81.1393825435	36.4748558539
-81.096043044	36.5137633549
-81.0539164836	36.4918517477
-81.1407409587	36.4999286879
-81.0617720322	36.5031075233
-81.0994938361	36.5057981335
-81.0913409611	36.5096880991
-81.1102155567	36.4965356508
-81.0674844568	36.5175363285
-81.0871749389	36.4731971598
-81.0822855152	36.5029267036
-81.0614158184	36.5082018244
-81.0642980473	36.4816217505
-81.1132969907	36.5020920601
-81.0576250202	36.4916224576
-81.0657853085	36.4667108642
-81.1046498343	36.4863755739
-81.103383878	36.497184601
-81.1435670677	36.5018055868
-81.1308015057	36.4925484884
-81.1302212118	36.4895850233
-81.1435477777	36.4715199953
-81.0992148272	36.4897755645
-81.0882162579	36.4829133182
-81.0858743446	36.512558944
-81.1439918082	36.5140307455
-81.0671312456	36.5054172368
-81.078573944	36.4667536779
-81.1157239225	36.4832000303
-81.1107204795	36.4736787018
-81.1279214872	36.4730073012
-81.1287741869	36.5160735533
-81.1167164082	36.4737508917
-81.1152157334	36.489032936
-81.0801346407	36.4857923748
-81.0931248842	36.4737530792
-81.1377591542	36.511161957
-81.1347041392	36.5158864457
-81.0539256977	36.4739616945
-81.0817073679	36.497369569
-81.1410813052	36.4892106926
-81.0817808823	36.5149417204
-81.1439351642	36.4661671284
-81.0939321156	36.4875302456
-81.1089393593	36.4990712628
-81.1132303571	36.5120553179
-81.0875031481	36.4664659479
-81.1164709042	36.5054258012
-81.1264526372	36.510609714
-81.1374776268	36.504771562
-81.1214378718	36.4777164142
-81.0967910651	36.5111911915
-81.0443573936	36.4895801943
-81.0918040565	36.5150598279
-81.1076483014	36.5156147622
-81.0535565663	36.477821323
-81.0449804259	36.4981964824
-81.1125093563	36.4857975153
-81.1064345989	36.4768532719
-81.0902070302	36.4890347618
-81.1303765361	36.4953155208
-81.0474952328	36.4754021103
-81.0707808078	36.4828272001
-81.0881918836	36.4962586677
-81.1407501537	36.5152217331
-81.1239495011	36.5065706959
-81.0653523875	36.4840642168
-81.0913418949	36.482366348
-81.0814314679	36.4655998125
-81.0917882531	36.4976294348
-81.0746443159	36.4699271555
-81.0506900162	36.5114719101
-81.1006270394	36.4857004437
-81.0944910388	36.5092250483
-81.1267951609	36.4754066653
-81.0724887016	36.5152289544
-81.1371503199	36.4684781746
-81.0472767638	36.4868028785
-81.0806167749	36.5098727442
-81.1007195809	36.4814705224
-81.0950039703	36.4927241228
-81.102152088	36.5155191632
-81.0975060289	36.5160964856
-81.0843718379	36.4876451862
-81.0960421319	36.4790322158
-81.1218071557	36.5114765312
-81.0764315268	36.4641564303
-81.1025091317	36.5123451123
-81.0507015852	36.4906964288
-81.0542796584	36.4803099035
-81.0689488277	36.4915328369
-81.0755966953	36.4837542031
-81.1049583258	36.4947764481
-81.120728194	36.4915669379
-81.11608608	36.5005128963
-81.0907160582	36.5039774759
-81.1039325946	36.4650229607
-81.065356954	36.4716565872
-81.1185438296	36.4687492536
-81.1128738227	36.5155179486
-81.1322996774	36.4781925375
-81.1416292884	36.4765220419
-81.0667828877	36.4797363113
-81.0964325476	36.4745454976
-81.0635624294	36.4935858912
-81.1178772986	36.515517052
-81.1356257971	36.5067171574
-81.0843743123	36.4676399874
-81.0815231383	36.4908864204
-81.0989328403	36.472525572
-81.1339345607	36.4661708936
-81.0939583465	36.4690296277
-81.090136408	36.5119108472
-81.088929537	36.5013804782
-81.1435727362	36.5106967403
-81.0907165821	36.4915698864
-81.1328432749	36.5004202091
-81.0727268878	36.478752444
-81.1310428057	36.4643004208
-81.11429721	36.4918567541
-81.0975037409	36.4653118727
-81.1014380568	36.491998235
-81.0617783682	36.4878144442
-81.1039608568	36.4815324664
-81.1406530751	36.5087529786
-81.1368772323	36.4659655707
-81.1017145093	36.4775500777
-81.1107268681	36.5033992519
-81.0872903065	36.4779206449
-81.1269078362	36.48486248
-81.1007903536	36.4999632588
-81.1035760387	36.4699283409
-81.0922916256	36.4645840076
-81.0845789779	36.4979255268
-81.1218831271	36.4845859715
-81.1046479786	36.4728137488
-81.0768897292	36.5002400732
-81.1214447922	36.4973377502
-81.0439303844	36.5054174106
-81.1428727283	36.4805950555
-81.0556200199	36.4720798098
-81.0728525273	36.4915680575
-81.0810734916	36.4705051249
-81.0625018884	36.465596318
-81.0860694855	36.5155191781
-81.139301766	36.4829048593
-81.1378827292	36.5005068703
-81.1307396959	36.5077229905
-81.0585507633	36.5146485312
-81.1093793261	36.4837546891
-81.1085429556	36.4687508912
-81.1056087797	36.5083909413
-81.1143104966	36.4808827879
-81.0946468015	36.5068630016
-81.0710648458	36.495895959
-81.0953614032	36.5010920297
-81.0874988812	36.5175390984
-81.1226404726	36.46624768
-81.1169028205	36.4778259785
-81.1253637758	36.469058954
-81.0513292194	36.4863412484
-81.1111675298	36.5078345754
-81.1131103899	36.4967203591
-81.1336646001	36.4760618729
-81.1188535779	36.4963488366
-81.0964592149	36.4893126462
-81.1082239366	36.4947431207
-81.0476897594	36.4931935753
-81.0744803464	36.5033886479
-81.077139525	36.4933000334
-81.053524422	36.4951406416
-81.0654075675	36.4867159173
-81.0700000638	36.4728118106
-81.1207210595	36.4707913834
-81.1338639586	36.5036614326
-81.0439486219	36.4770767874
-81.1185424283	36.4643036459
-81.0464109266	36.5016210494
-81.1106305077	36.4876444158
-81.0914308679	36.499937816
-81.0972925004	36.4812549869
-81.0781194902	36.4890337654
-81.0754142009	36.4722697431
-81.1245841149	36.4639317832
-81.1081326605	36.5040378368
-81.0539376883	36.5020870059
-81.1385711968	36.5134771974
-81.1085511126	36.5123732432
-81.0460140239	36.50680751
-81.1439470128	36.4846343008
-81.0446156013	36.5100268105
-81.0652033665	36.4754167089
-81.0931942711	36.478661721
-81.1032230975	36.5057084541
-81.1383904244	36.4808762599
-81.0849988489	36.5022458916
-81.0713400988	36.4705093258
-81.1207343434	36.5094569406
-81.0584652276	36.4772671873
-81.1039635255	36.5023711651
-81.1275145449	36.4869484408
-81.1346712073	36.5088759072
-81.0615114846	36.5009778049
-81.0814509805	36.5076500466
-81.0680071719	36.4681932335
-81.1282308419	36.4909879236
-81.0597706059	36.5098685842
-81.0844892976	36.4737526748
-81.1328859923	36.51205053
-81.0839284652	36.4898382129
-81.071418963	36.5068608663
-81.0853558904	36.5048428528
-81.0985769363	36.494455332
-81.0664343488	36.4643029849
-81.1115346101	36.492275027
-81.0830998089	36.4765310489
-81.0560294212	36.4870838342
-81.0703527877	36.4875279025
-81.1371810329	36.4711519807
-81.1182027225	36.4885692131
-81.0664206497	36.4938751348
-81.0478390886	36.4979090741
-81.0975052613	36.4990721466
-81.1325153252	36.4852156366
-81.0932174192	36.5045546151
-81.0507134633	36.4693437752
-81.1157306931	36.5074381205
-81.0538206744	36.5044022546
-81.0743685355	36.4876439598
-81.0793729546	36.4729186355
-81.0614120523	36.51718556
-81.0735325877	36.4965349972
-81.1210573793	36.507091941
-81.048927217	36.5156997948
-81.0696343764	36.4999353556
-81.064274584	36.4999341406
-81.1350218696	36.4961796601
-81.1092911168	36.4707933952
-81.1389490254	36.4906958184
-81.0885400562	36.4851448036
-81.1159741173	36.4686571238
-81.0864546736	36.4998707025
-81.088934555	36.4716227675
-81.1281329946	36.4801387513
-81.0789264175	36.4909918816
-81.11480286	36.5037590114
-81.1233071778	36.5154267112
-81.1253670312	36.477138347
-81.1182104199	36.5132976907
-81.13229749	36.4737469374
-81.0895807061	36.5082061924
-81.1263570476	36.496717502
-81.0577055671	36.4679127074
-81.0814297929	36.4953319858
-81.0439518376	36.472075487
-81.0553589384	36.4650171188
-81.1282347787	36.4999329319
-81.1064644684	36.5001481389
-81.137517335	36.4860795647
-81.0617746628	36.4967594575
-81.123939726	36.4811784064
-81.0489338214	36.5043080108
-81.0553365759	36.5100307669
-81.0485695476	36.4707857279
-81.1421684491	36.4970426348
-81.131475939	36.4984758104
-81.1193110804	36.4789368885
-81.0491897467	36.5022704375
-81.088571949	36.5051315907
-81.1243088759	36.5117644697
-81.1218143735	36.486623485
-81.0569734507	36.4982906176
-81.1268924521	36.5032005933
-81.0860717219	36.4935895101
-81.1107263095	36.5008023166
-81.0585554341	36.4825463462
-81.1028639754	36.4901268577
-81.0914318871	36.4690630475
-81.0589136202	36.5025296202
-81.1025089106	36.5103252768
-81.1189449349	36.5013779781
-81.0778490691	36.5175381821
-81.0507161903	36.464438425
-81.1364781339	36.4981962854
-81.0517677764	36.5010845628
-81.1014595086	36.4740306995
-81.0827080878	36.4637499338
-81.1343908002	36.4923621782
-81.0685299102	36.4979232795
-81.0728231539	36.4653230719
-81.1370200977	36.5150520908
-81.1064357977	36.4843555568
-81.1072948393	36.4804207422
-81.0751356681	36.4752334258
-81.0826354474	36.4855147904
-81.1100553616	36.5058897956
-81.1411087677	36.5172414257
-81.1140298388	36.4699540972
-81.0996483165	36.487530112
-81.0564260991	36.4739625079
-81.0776989519	36.5068160471
-81.0994009854	36.5028344265
-81.1198624491	36.4659704646
-81.0973626173	36.4968144583
-81.0775413908	36.4851437314
-81.0565143334	36.4898624064
-81.100007139	36.5077284965
-81.1248041622	36.4934764354
-81.0797654952	36.478475642
-81.0718946635	36.4742140887
-81.107292277	36.4654168313
-81.1256438247	36.508202207
-81.1160791185	36.4759862283
-81.1268118327	36.5149378336
-81.1381313913	36.4731892224
-81.0760303605	36.5109835353
-81.0768657501	36.5040374435
-81.0672739844	36.5134825302
-81.0672753217	36.509592653
-81.0969912975	36.4764388928
-81.0647729548	36.5118148536
-81.1014358442	36.4688441481
-81.0732119672	36.4834887463
-81.0615270635	36.4636534344
-81.1300261888	36.5103201404
-81.0803536583	36.5016683539
-81.0610718988	36.4687699827
-81.1368048872	36.4898309601
-81.1260932437	36.5057044939
-81.0571257318	36.5051260156
-81.0764538725	36.4818094419
-81.1289599086	36.4654124514
-81.1150168432	36.5106122769
-81.1110524897	36.5112615183
-81.1350162402	36.4855033524
-81.0691068484	36.5042211915
-81.0937498886	36.4965366571
-81.1225188311	36.5031084676
-81.0660584857	36.5074368275
-81.0539209431	36.483195277
-81.0964354356	36.4699557531
-81.111079388	36.4814694894
-81.1410717807	36.4734659211
-81.0471126366	36.5175300606
-81.0500172772	36.5132920393
-81.1142902881	36.4653101994
-81.1329261801	36.4809707838
-81.0867890568	36.4638689553
-81.1100095836	36.4907032108
-81.1305191408	36.4830091037
-81.0840215134	36.510799102
-81.0489265299	36.4768935002
