-81.1096640482	36.4653657932	-0.00613101057394	1.42928207485e-05
-81.1095296657	36.4655533978	-0.005520438382	1.33988002839e-05
-81.1093952825	36.4657410021	-0.00491307556944	1.26071710448e-05
-81.1092608987	36.4659286063	-0.00430963247404	1.19052820341e-05
-81.1091265142	36.4661162104	-0.00371594368773	1.1284157646e-05
-81.1089921291	36.4663038142	-0.00313740166256	1.07357790383e-05
-81.1088577433	36.466491418	-0.00257443740259	1.02509683991e-05
-81.1087233569	36.4666790216	-0.00203083046615	9.8230360976e-06
-81.1085889698	36.466866625	-0.00151341753223	9.44785392523e-06
-81.1084545821	36.4670542282	-0.00102333874086	9.11949862892e-06
-81.1083201937	36.4672418313	-0.000558790634914	8.831073187e-06
-81.1081858047	36.4674294343	-0.000127369810107	8.58153085363e-06
-81.108051415	36.4676170371	0.000272170420902	8.36567071203e-06
-81.1079170247	36.4678046397	0.000638083144056	8.18049110762e-06
-81.1077826338	36.4679922422	0.000966826346396	8.02487972228e-06
-81.1076482422	36.4681798445	0.00125864357603	7.89587746071e-06
-81.1075138499	36.4683674466	0.00151561837789	7.78905619294e-06
-81.107379457	36.4685550486	0.00173440086983	7.70508981068e-06
-81.1072450635	36.4687426505	0.00191692781348	7.64043133608e-06
-81.1071106693	36.4689302522	0.00206315272665	7.59374324749e-06
-81.1069762745	36.4691178537	0.00217358059761	7.563739905e-06
-81.106841879	36.4693054551	0.00225000126302	7.54757640034e-06
-81.1067074828	36.4694930563	0.00229362847191	7.54343342707e-06
-81.1065730861	36.4696806573	0.00230567921296	7.55127051272e-06
-81.1064386886	36.4698682583	0.00228848903499	7.56875503737e-06
-81.1063042905	36.470055859	0.00224431543196	7.59247394921e-06
-81.1061698918	36.4702434596	0.00217534470049	7.62182925116e-06
-81.1060354924	36.47043106	0.00208413157862	7.65517381823e-06
-81.1059010924	36.4706186603	0.00197338691156	7.69090144513e-06
-81.1057666918	36.4708062604	0.00184596201923	7.72745451824e-06
-81.1056322904	36.4709938604	0.00170535863933	7.76462946715e-06
-81.1054978885	36.4711814602	0.00155359910231	7.79869561492e-06
-81.1053634859	36.4713690598	0.00139421948372	7.8296885204e-06
-81.1052290826	36.4715566593	0.00123033770313	7.85654196993e-06
-81.1050946787	36.4717442586	0.00106544516833	7.87900354781e-06
-81.1049602741	36.4719318578	0.000901814065788	7.89513958652e-06
-81.1048258689	36.4721194568	0.000742817410281	7.90503064007e-06
-81.1046914631	36.4723070557	0.000591323667893	7.90832137704e-06
-81.1045570566	36.4724946544	0.000450201762608	7.90483721882e-06
-81.1044226494	36.4726822529	0.000323182744998	7.89579395335e-06
-81.1042882417	36.4728698513	0.000210597891018	7.87887583949e-06
-81.1041538332	36.4730574495	0.000115773697208	7.8556248942e-06
-81.1040194241	36.4732450476	4.08435058115e-05	7.82645928667e-06
-81.1038850144	36.4734326455	-1.17107779824e-05	7.79250968228e-06
-81.103750604	36.4736202433	-4.14175506333e-05	7.75320648347e-06
-81.103616193	36.4738078409	-4.62780239714e-05	7.70986352047e-06
-81.1034817813	36.4739954383	-2.52373489186e-05	7.66318141752e-06
-81.103347369	36.4741830356	2.26543142108e-05	7.61394565389e-06
-81.103212956	36.4743706327	9.92531757448e-05	7.56406909218e-06
-81.1030785424	36.4745582297	0.000202350760053	7.51197670289e-06
-81.1029441281	36.4747458265	0.000333321412807	7.45958017323e-06
-81.1028097132	36.4749334232	0.000491840627457	7.40749848818e-06
-81.1026752976	36.4751210197	0.000677517582509	7.35632367818e-06
-81.1025408814	36.475308616	0.00088959765629	7.30656907522e-06
-81.1024064645	36.4754962122	0.00112829477535	7.25973674535e-06
-81.102272047	36.4756838083	0.00138973009465	7.21403010988e-06
-81.1021376289	36.4758714041	0.00167385294371	7.17078084373e-06
-81.1020032101	36.4760589998	0.00197886095573	7.13015485743e-06
-81.1018687906	36.4762465954	0.00230339378519	7.09270126116e-06
-81.1017343705	36.4764341908	0.00264427304426	7.05749960165e-06
-81.1015999498	36.476621786	0.00299980493724	7.02497240598e-06
-81.1014655284	36.4768093811	0.0033676076367	6.99501503231e-06
-81.1013311063	36.4769969761	0.00374518374712	6.96748424049e-06
-81.1011966836	36.4771845708	0.00413106789462	6.9430876205e-06
-81.1010622603	36.4773721654	0.00452035533207	6.91986786639e-06
-81.1009278363	36.4775597599	0.0049113299435	6.89853100322e-06
-81.1007934117	36.4777473542	0.00530154437656	6.87890370386e-06
-81.1006589864	36.4779349483	0.00568860527132	6.86123133692e-06
-81.1005245604	36.4781225423	0.0060687605333	6.84459556714e-06
-81.1003901339	36.4783101362	0.0064400466634	6.82928947254e-06
-81.1002557066	36.4784977298	0.00679981150837	6.8153173323e-06
-81.1001212787	36.4786853233	0.00714551804099	6.80266956212e-06
-81.0999868502	36.4788729167	0.00747565756253	6.79180989991e-06
-81.099852421	36.4790605099	0.00778735721561	6.78247909661e-06
-81.0997179912	36.4792481029	0.00807757209383	6.77449897428e-06
-81.0995835608	36.4794356958	0.00834618931717	6.76887350579e-06
-81.0994491296	36.4796232885	0.00858883182756	6.76478005096e-06
-81.0993146979	36.4798108811	0.0088064203666	6.76368409588e-06
-81.0991802655	36.4799984735	0.00899782863947	6.76598368535e-06
-81.0990458324	36.4801860658	0.00916101370096	6.77177021932e-06
-81.0989113987	36.4803736579	0.00929413749842	6.78115363022e-06
-81.0987769643	36.4805612498	0.00939824402571	6.79540923049e-06
-81.0986425293	36.4807488416	0.00947117391158	6.81436158141e-06
-81.0985080937	36.4809364332	0.00951318746117	6.83896097636e-06
-81.0983736574	36.4811240247	0.00952570152214	6.87017519335e-06
-81.0982392204	36.481311616	0.0095049551708	6.90758804045e-06
-81.0981047828	36.4814992072	0.00945521982023	6.95289601933e-06
-81.0979703446	36.4816867982	0.00937699570508	7.00675056773e-06
-81.0978359057	36.481874389	0.00926966430456	7.06946510422e-06
-81.0977014661	36.4820619797	0.00913252799216	7.14138056914e-06
-81.097567026	36.4822495702	0.00896966657795	7.22382752607e-06
-81.0974325851	36.4824371606	0.00877701838746	7.31639954071e-06
-81.0972981436	36.4826247508	0.0085609831189	7.42077080048e-06
-81.0971637015	36.4828123408	0.00832277044504	7.53757041609e-06
-81.0970292587	36.4829999307	0.00806396250121	7.66729680695e-06
-81.0968948153	36.4831875205	0.00777790752799	7.80894349998e-06
-81.0967603712	36.48337511	0.00747605531937	7.96480679857e-06
-81.0966259265	36.4835626995	0.00715334269844	8.13406280289e-06
-81.0964914811	36.4837502887	0.00681327049217	8.31731726841e-06
-81.0963570351	36.4839378778	0.00645948938438	8.51509750601e-06
-81.0962225884	36.4841254668	0.00608840467895	8.72659905014e-06
-81.0960881411	36.4843130556	0.00570091224915	8.95172503925e-06
-81.0959536931	36.4845006442	0.00530580500757	9.19148087019e-06
-81.0958192445	36.4846882327	0.00490183057021	9.44521121276e-06
-81.0956847952	36.484875821	0.00447806527634	9.71063169325e-06
-81.0955503453	36.4850634092	0.00404946094714	9.98955958244e-06
-81.0954158948	36.4852509972	0.00360770772882	1.02800553631e-05
-81.0952814436	36.485438585	0.0031556458992	1.05820293908e-05
-81.0951469917	36.4856261727	0.0026968800065	1.08955450983e-05
-81.0950125392	36.4858137603	0.00222421658518	1.12192264845e-05
-81.094878086	36.4860013476	0.00173710760996	1.15528866173e-05
-81.0947436322	36.4861889349	0.00124559716829	1.18983150662e-05
-81.0946091778	36.4863765219	0.000745350584921	1.22555822377e-05
-81.0944747227	36.4865641088	0.000220108542535	1.26233914976e-05
-81.0943402669	36.4867516956	-0.000312468263385	1.30063836402e-05
-81.0942058105	36.4869392822	-0.00086555290446	1.34052065093e-05
-81.0940713535	36.4871268686	-0.00144188498235	1.38232491357e-05
-81.0939368958	36.4873144549	-0.00203037703127	1.42668972946e-05
-81.0938024375	36.487502041	-0.00263757247517	1.47412513925e-05
-81.0936679785	36.487689627	-0.0032789427182	1.52513731572e-05
-81.0935335188	36.4878772128	-0.0039486100196	1.58071606347e-05
-81.0933990585	36.4880647984	-0.00464942710042	1.64188699433e-05
-81.0932645976	36.4882523839	-0.00537963527023	1.70992749319e-05
-81.093130136	36.4884399692	-0.00615198069856	1.78609024526e-05
-81.0929956738	36.4886275544	-0.00696496453193	1.87205176408e-05
-81.0928612109	36.4888151394	-0.00782202924978	1.96961358778e-05
-81.0927267474	36.4890027243	-0.00872613449545	2.08080318646e-05
-81.0925922832	36.489190309	-0.00967113585801	2.20804194493e-05
-81.0924578184	36.4893778935	-0.010680435648	2.35343821595e-05
-81.0923233529	36.4895654779	-0.01174748677	2.51984550694e-05
-81.0921888868	36.4897530621	-0.0128758008826	2.71014805656e-05
-81.09205442	36.4899406462	-0.0140635522495	2.92752460119e-05
-81.0919199526	36.4901282301	-0.0153247655861	3.17504180117e-05
-81.0917854845	36.4903158139	-0.0166573626561	3.45622393129e-05
-81.0916510158	36.4905033975	-0.0180647564031	3.77465029176e-05
-81.0915165465	36.4906909809	-0.0195497266276	4.13401688664e-05
-81.0913820764	36.4908785642	-0.0211048821316	4.53846470672e-05
-81.0912476058	36.4910661473	-0.0227538765646	4.99118041138e-05
-81.0911131345	36.4912537303	-0.0244896249106	5.49634989064e-05
-81.0909786625	36.4914413131	-0.026313860794	6.05786415327e-05
-81.0908441899	36.4916288958	0.039356167671	2.7405215094e-05
-81.0907097166	36.4918164782	0.0397689031431	2.48115226236e-05
-81.0905752427	36.4920040606	0.0401446879795	2.25329801961e-05
-81.0904407682	36.4921916428	0.0404749406026	2.05328628339e-05
-81.090306293	36.4923792248	0.0407615950146	1.87855853578e-05
-81.0901718171	36.4925668067	0.0410032710926	1.72637690579e-05
-81.0900373406	36.4927543884	0.0412004219984	1.59428308969e-05
-81.0899028635	36.4929419699	0.0413491445666	1.47967560489e-05
-81.0897683857	36.4931295513	0.0414503059163	1.38046002087e-05
-81.0896339073	36.4933171325	0.0415035775292	1.29463163713e-05
-81.0894994282	36.4935047136	0.0415087449118	1.22035577253e-05
-81.0893649484	36.4936922945	0.0414681242389	1.15613939111e-05
-81.089230468	36.4938798753	0.04137740868	1.10021088251e-05
-81.089095987	36.4940674559	0.0412395222694	1.05143545632e-05
-81.0889615053	36.4942550364	0.041055225883	1.00868001033e-05
-81.088827023	36.4944426167	0.0408255288029	9.70969279653e-06
-81.08869254	36.4946301968	0.0405514929991	9.3745942869e-06
-81.0885580564	36.4948177768	0.040236083262	9.07567997513e-06
-81.0884235721	36.4950053566	0.0398777308918	8.80457701119e-06
-81.0882890871	36.4951929362	0.0394798906892	8.55768627043e-06
-81.0881546016	36.4953805157	0.0390445081821	8.3310592784e-06
-81.0880201153	36.4955680951	0.0385741516438	8.12205586592e-06
-81.0878856285	36.4957556743	0.0380701872489	7.92716861628e-06
-81.0877511409	36.4959432533	0.0375358345959	7.74552268163e-06
-81.0876166528	36.4961308322	0.0369727286183	7.57420530543e-06
-81.0874821639	36.4963184109	0.0363844855157	7.41365869616e-06
-81.0873476745	36.4965059895	0.0357738058606	7.26316717466e-06
-81.0872131843	36.4966935679	0.0351429533616	7.12117940737e-06
-81.0870786936	36.4968811461	0.0344953589961	6.98880773264e-06
-81.0869442022	36.4970687242	0.0338333428761	6.86392896254e-06
-81.0868097101	36.4972563021	0.0331600974433	6.74731370942e-06
-81.0866752174	36.4974438799	0.0324784997318	6.63886288336e-06
-81.086540724	36.4976314575	0.0317914167943	6.53886647148e-06
-81.08640623	36.4978190349	0.0311017171985	6.44641939402e-06
-81.0862717353	36.4980066122	0.0304120775406	6.36180429119e-06
-81.08613724	36.4981941894	0.0297252961597	6.2849212284e-06
-81.0860027441	36.4983817664	0.0290439178393	6.21561943741e-06
-81.0858682475	36.4985693432	0.0283701927347	6.15448816515e-06
-81.0857337502	36.4987569199	0.0277069825698	6.0998802409e-06
-81.0855992523	36.4989444964	0.0270562040756	6.05236121389e-06
-81.0854647537	36.4991320727	0.02642004603	6.01177706985e-06
-81.0853302545	36.4993196489	0.0258003373694	5.9779246486e-06
-81.0851957547	36.4995072249	0.0251988451942	5.95062643856e-06
-81.0850612542	36.4996948008	0.0246169734508	5.93036031984e-06
-81.084926753	36.4998823765	0.0240566929273	5.91566945755e-06
-81.0847922512	36.5000699521	0.0235189233263	5.90703417738e-06
-81.0846577488	36.5002575275	0.0230047693689	5.90429005756e-06
-81.0845232457	36.5004451028	0.0225149557187	5.90759364222e-06
-81.0843887419	36.5006326779	0.0220503663333	5.91614981137e-06
-81.0842542375	36.5008202528	0.0216113685497	5.93008954182e-06
-81.0841197325	36.5010078276	0.0211982311344	5.94922910879e-06
-81.0839852268	36.5011954022	0.0208110395128	5.9733514794e-06
-81.0838507205	36.5013829766	0.0204497946015	6.00290310514e-06
-81.0837162135	36.5015705509	0.0201141593936	6.03632950141e-06
-81.0835817058	36.5017581251	0.0198036880907	6.07401504665e-06
-81.0834471975	36.5019456991	0.0195179129601	6.11565574579e-06
-81.0833126886	36.5021332729	0.0192561887598	6.16095157464e-06
-81.083178179	36.5023208466	0.0190176086933	6.2095431975e-06
-81.0830436688	36.5025084201	0.0188018689094	6.26184892478e-06
-81.0829091579	36.5026959934	0.0186069888664	6.31602591236e-06
-81.0827746464	36.5028835666	0.0184322923067	6.37246346677e-06
-81.0826401342	36.5030711397	0.018276568989	6.43076074261e-06
-81.0825056213	36.5032587126	0.0181389586878	6.49101074685e-06
-81.0823711079	36.5034462853	0.0180174500727	6.55206262727e-06
-81.0822365937	36.5036338579	0.0179110277609	6.61401913565e-06
-81.082102079	36.5038214303	0.0178182898482	6.67659243616e-06
-81.0819675635	36.5040090025	0.0177378827064	6.73956711354e-06
-81.0818330475	36.5041965746	0.0176689069023	6.80321636805e-06
-81.0816985307	36.5043841466	0.017609610582	6.86697683374e-06
-81.0815640134	36.5045717183	0.0175579821567	6.93021982997e-06
-81.0814294953	36.50475929	0.0175139939913	6.99391195326e-06
-81.0812949767	36.5049468614	0.0174750959409	7.05701231071e-06
-81.0811604573	36.5051344327	0.0174407501607	7.12006702283e-06
-81.0810259374	36.5053220039	0.0174106009929	7.183752169e-06
-81.0808914167	36.5055095749	0.0173814445075	7.24646041854e-06
-81.0807568955	36.5056971457	0.0173545219534	7.30999630285e-06
-81.0806223735	36.5058847164	0.0173289827522	7.37456763861e-06
-81.080487851	36.5060722869	0.0173033801308	7.43969369175e-06
-81.0803533278	36.5062598572	0.0172763350483	7.50493336223e-06
-81.0802188039	36.5064474274	0.0172488464389	7.57160951213e-06
-81.0800842794	36.5066349975	0.0172181449508	7.63791107237e-06
-81.0799497542	36.5068225674	0.0171862296165	7.70578613592e-06
-81.0798152284	36.5070101371	0.0171528984569	7.7752634674e-06
-81.0796807019	36.5071977067	0.0171172574921	7.8456608969e-06
-81.0795461748	36.5073852761	0.0170784956297	7.9161749463e-06
-81.0794116471	36.5075728453	0.0170381825783	7.98799344545e-06
-81.0792771187	36.5077604144	0.0169950814753	8.05959088484e-06
-81.0791425896	36.5079479834	0.016950091743	8.13128636009e-06
-81.0790080599	36.5081355522	0.0169042594038	8.20351473512e-06
-81.0788735295	36.5083231208	0.0168559845394	8.27375681149e-06
-81.0787389985	36.5085106893	0.0168077081426	8.34374298742e-06
-81.0786044669	36.5086982576	0.0167598678159	8.41305326188e-06
-81.0784699346	36.5088858257	0.0167129078131	8.48125607601e-06
-81.0783354016	36.5090733937	0.0166652368602	8.54484568644e-06
-81.078200868	36.5092609615	0.0166201848007	8.60713812489e-06
-81.0780663337	36.5094485292	0.0165768352176	8.66537428312e-06
-81.0779317988	36.5096360967	0.0165363536077	8.71991443575e-06
-81.0777972633	36.5098236641	0.0164996769662	8.77112608052e-06
-81.0776627271	36.5100112313	0.016466699877	8.81704658975e-06
-81.0775281902	36.5101987984	0.0164382079794	8.85741718989e-06
-81.0773936527	36.5103863652	0.016415374649	8.89434096025e-06
-81.0772591146	36.510573932	0.0163982768193	8.92687745354e-06
-81.0771245758	36.5107614986	0.016387061409	8.95172215919e-06
-81.0769900363	36.510949065	0.0163825095996	8.97282370028e-06
-81.0768554962	36.5111366312	0.0163849182127	8.98784439537e-06
-81.0767209555	36.5113241973	0.016394727359	8.99686576424e-06
-81.0765864141	36.5115117633	0.0164116751495	9.00254195673e-06
-81.076451872	36.511699329	0.0164357512207	9.0043036155e-06
-81.0763173293	36.5118868947	0.0164683125412	8.99933860747e-06
-81.076182786	36.5120744601	0.0165076936004	8.9920681749e-06
