-81.1096640482	36.4653657932	-0.0480674401266	0.0446784089624	-0.0388317008708	1.47829207877e-05	0.000137513797813	1.15901370711e-05
-81.1095296657	36.4655533978	-0.0460050222555	0.042639319067	-0.0367419352008	1.40831468697e-05	0.000127731884558	1.07534432742e-05
-81.1093952825	36.4657410021	-0.0439543438129	0.0405937255558	-0.0346639037358	1.34389940442e-05	0.000119256712971	1.00222855661e-05
-81.1092608987	36.4659286063	-0.041915200895	0.0385448137255	-0.0326024145536	1.28469035428e-05	0.000111944056045	9.38389366512e-06
-81.1091265142	36.4661162104	-0.0398873802998	0.0364958329821	-0.0305620138314	1.23034769503e-05	0.000105662639999	8.82698369544e-06
-81.1089921291	36.4663038142	-0.0378706596686	0.0344500904567	-0.028546957908	1.18054627899e-05	0.000100293624459	8.34167006538e-06
-81.1088577433	36.466491418	-0.035864807632	0.0324109439543	-0.0265611872583	1.13497636333e-05	9.57299904138e-05	7.91936512912e-06
-81.1087233569	36.4666790216	-0.0338695839616	0.0303817942258	-0.0246083026013	1.09334283108e-05	9.18758556821e-05	7.55266939253e-06
-81.1085889698	36.466866625	-0.0318847397267	0.0283660765649	-0.0226915433489	1.05536402353e-05	8.864573095e-05	7.23525505384e-06
-81.1084545821	36.4670542282	-0.029910017456	0.026367251733	-0.0208137685864	1.02077288609e-05	8.59637325643e-05	6.96174562264e-06
-81.1083201937	36.4672418313	-0.0279451513039	0.0243887962217	-0.0189774407564	9.89315331128e-06	8.37627691428e-05	6.72759430498e-06
-81.1081858047	36.4674294343	-0.0259898672225	0.02243419187	-0.0171846121993	9.60750347883e-06	8.19837137972e-05	6.52896366748e-06
-81.108051415	36.4676170371	-0.0240438831373	0.0205069148587	-0.015436914682	9.34850323709e-06	8.05745791029e-05	6.36260893985e-06
-81.1079170247	36.4678046397	-0.0221069091287	0.0186104241089	-0.0137355520196	9.11398945252e-06	7.94897054938e-05	6.22576707348e-06
-81.1077826338	36.4679922422	-0.0201786476168	0.0167481491228	-0.0120812958767	8.90192648794e-06	7.86889777242e-05	6.11605341659e-06
-81.1076482422	36.4681798445	-0.0182587935522	0.0149234773044	-0.010474484802	8.71039559996e-06	7.81370765879e-05	6.03136757314e-06
-81.1075138499	36.4683674466	-0.0163470346099	0.0131397408125	-0.00891502652963	8.53758686914e-06	7.78027782433e-05	5.96980970527e-06
-81.107379457	36.4685550486	-0.0144430513883	0.0114002029952	-0.0074024035488	8.38180190029e-06	7.76583077507e-05	5.92960820557e-06
-81.1072450635	36.4687426505	-0.0125465176118	0.00970804447093	-0.00593568191892	8.2414462562e-06	7.7678751336e-05	5.90905934245e-06
-81.1071106693	36.4689302522	-0.0106571003383	0.00806634891813	-0.00451352327714	8.11503444768e-06	7.78415340748e-05	5.90647913714e-06
-81.1069762745	36.4691178537	-0.00877446016988	0.00647808864803	-0.00313419995931	8.0011723962e-06	7.81259644523e-05	5.92016742649e-06
-81.106841879	36.4693054551	-0.00689825146782	0.00494611003592	-0.00179561312714	7.89856914204e-06	7.85128475298e-05	5.94838374746e-06
-81.1067074828	36.4694930563	-0.0050281225712	0.00347311889313	-0.000495313767942	7.80601891164e-06	7.89841659343e-05	5.9893344042e-06
-81.1065730861	36.4696806573	-0.00316371601923	0.00206166586589	0.000769473592514	7.7224071685e-06	7.95228268481e-05	6.04116982671e-06
-81.1064386886	36.4698682583	-0.00130466877716	0.000714131950701	0.00200182464804	7.64670770442e-06	8.01124729081e-05	6.10199111871e-06
-81.1063042905	36.470055859	0.000549387534538	-0.000567285780446	0.00320508674837	7.57797348472e-06	8.07373519405e-05	6.16986449914e-06
-81.1061698918	36.4702434596	0.00239882640758	-0.00178058814925	0.00438284824252	7.51533736593e-06	8.13822406045e-05	6.24284223348e-06
-81.1060354924	36.47043106	0.00424402621014	-0.00292398743702	0.00553890597804	7.45800680121e-06	8.2032415935e-05	6.3189885361e-06
-81.1059010924	36.4706186603	0.00608536994808	-0.00399592044821	0.00667723122211	7.40526373003e-06	8.26736692267e-05	6.39640889371e-06
-81.1057666918	36.4708062604	0.00792324502322	-0.00499506097224	0.00780193428636	7.35645744385e-06	8.32923524985e-05	6.47328126058e-06
-81.1056322904	36.4709938604	0.00975804298897	-0.00592033154413	0.00891722814981	7.31099999604e-06	8.38754550546e-05	6.54788762083e-06
-81.1054978885	36.4711814602	0.0115901593031	-0.00677091440592	0.0100273913851	7.26837143466e-06	8.44106976864e-05	6.61864448825e-06
-81.1053634859	36.4713690598	0.0134199930781	-0.00754626157247	0.0111367307001	7.22810820494e-06	8.48866402043e-05	6.68413105852e-06
-81.1052290826	36.4715566593	0.015247946829	-0.00824610390789	0.012249543413	7.18980062941e-06	8.52927968132e-05	6.7431138617e-06
-81.1050946787	36.4717442586	0.0170744262195	-0.00887045912253	0.0133700801794	7.15309804489e-06	8.56197486933e-05	6.79456696405e-06
-81.1049602741	36.4719318578	0.0188998398051	-0.00941963860449	0.0145025082905	7.11769404701e-06	8.5859252709e-05	6.83768696106e-06
-81.1048258689	36.4721194568	0.0207245987747	-0.00989425300493	0.015650875856	7.08333161908e-06	8.6004337099e-05	6.87190222943e-06
-81.1046914631	36.4723070557	0.0225491166907	-0.0102952165022	0.01681907718	7.04979818697e-06	8.60493827565e-05	6.89687612896e-06
-81.1045570566	36.4724946544	0.0243738092268	-0.0106237496764	0.018010819627	7.0169187531e-06	8.59901847567e-05	6.91250407053e-06
-81.1044226494	36.4726822529	0.0261990939048	-0.0108813809337	0.019229592264	6.98455592491e-06	8.58239924503e-05	6.91890458929e-06
-81.1042882417	36.4728698513	0.0280253898293	-0.011069946427	0.0204786365472	6.95261539579e-06	8.55495249273e-05	6.9164047783e-06
-81.1041538332	36.4730574495	0.0298531174219	-0.0111915884286	0.0217609193075	6.92102591766e-06	8.5166963387e-05	6.90552059401e-06
-81.1040194241	36.4732450476	0.0316826981537	-0.0112487521202	0.0230791082641	6.88975120355e-06	8.46779170706e-05	6.88693276269e-06
-81.1038850144	36.4734326455	0.0335145542771	-0.0112441807741	0.0244355502772	6.85877289195e-06	8.40853659262e-05	6.86145909053e-06
-81.103750604	36.4736202433	0.0353491085568	-0.0111809093114	0.0258322525239	6.82810682145e-06	8.33935805762e-05	6.83002413722e-06
-81.103616193	36.4738078409	0.0371867840002	-0.0110622562297	0.027270866755	6.79778570509e-06	8.26080208571e-05	6.79362723674e-06
-81.1034817813	36.4739954383	0.0390280035867	-0.0108918139106	0.0287526767636	6.76785773748e-06	8.17352160063e-05	6.75330991083e-06
-81.103347369	36.4741830356	0.0408731899973	-0.0106734373189	0.030278589166	6.73839252552e-06	8.07826298429e-05	6.71012369759e-06
-81.103212956	36.4743706327	0.0427227653438	-0.0104112311258	0.0318491275664	6.7094749161e-06	7.97585136911e-05	6.66509938421e-06
-81.1030785424	36.4745582297	0.0445771508976	-0.0101095352927	0.033464430144	6.68118876605e-06	7.86717497169e-05	6.61921855778e-06
-81.1029441281	36.4747458265	0.0464367668189	-0.00977290916622	0.035124250671	6.65364143277e-06	7.75316899207e-05	6.57338829002e-06
-81.1028097132	36.4749334232	0.0483020318859	-0.00940611414696	0.0368279629391	6.62693775758e-06	7.63479929357e-05	6.52841963439e-06
-81.1026752976	36.4751210197	0.0501733632249	-0.00901409500196	0.0385745685385	6.60119161362e-06	7.51304624077e-05	6.48501047594e-06
-81.1025408814	36.475308616	0.0520511760398	-0.00860195990451	0.0403627079043	6.57651676211e-06	7.38888904202e-05	6.44373310821e-06
-81.1024064645	36.4754962122	0.0539358833434	-0.00817495929271	0.0421906745141	6.5530315823e-06	7.26329093087e-05	6.40502673933e-06
-81.102272047	36.4756838083	0.0558278956891	-0.00773846364886	0.0440564320925	6.53084848062e-06	7.13718533339e-05	6.36919496424e-06
-81.1021376289	36.4758714041	0.0577276209033	-0.00729794030984	0.0459576346494	6.51008168431e-06	7.01146335296e-05	6.33640806068e-06
-81.1020032101	36.4760589998	0.0596354638194	-0.00685892942742	0.047891649154	6.49083872656e-06	6.88696280671e-05	6.30670982048e-06
-81.1018687906	36.4762465954	0.0615518260124	-0.00642701920451	0.0498555806206	6.4732191041e-06	6.76445871259e-05	6.28002848186e-06
-81.1017343705	36.4764341908	0.0634771055358	-0.00600782054033	0.0518462993631	6.45732033574e-06	6.64465573849e-05	6.25619120571e-06
-81.1015999498	36.476621786	0.0654116966592	-0.00560694122287	0.0538604701524	6.44323034674e-06	6.5281823087e-05	6.23494144353e-06
-81.1014655284	36.4768093811	0.067355989608	-0.00522995981246	0.0558945829953	6.43102189812e-06	6.41558652061e-05	6.21595847833e-06
-81.1013311063	36.4769969761	0.0693103703052	-0.00488239936345	0.0579449852398	6.42076239817e-06	6.30733392367e-05	6.19887837568e-06
-81.1011966836	36.4771845708	0.0712752201145	-0.0045697011346	0.0600079146982	6.41250938994e-06	6.20380712372e-05	6.18331557713e-06
-81.1010622603	36.4773721654	0.073250915586	-0.0042971984399	0.0620795334721	6.40630472223e-06	6.10530684249e-05	6.16888438253e-06
-81.1009278363	36.4775597599	0.0752378282043	-0.00407009079297	0.064155962158	6.40218110935e-06	6.01205483583e-05	6.1552196209e-06
-81.1007934117	36.4777473542	0.0772363241386	-0.00389341849724	0.0662333141087	6.40015458173e-06	5.92419799845e-05	6.14199587256e-06
-81.1006589864	36.4779349483	0.0792467639956	-0.00377203783317	0.0683077294278	6.40023287544e-06	5.84181400656e-05	6.12894470652e-06
-81.1005245604	36.4781225423	0.0812695025749	-0.00371059699088	0.0703754083756	6.40240939385e-06	5.76491791642e-05	6.1158695018e-06
-81.1003901339	36.4783101362	0.0833048886275	-0.00371351289316	0.0724326438764	6.4066628699e-06	5.69346984225e-05	6.10265753632e-06
-81.1002557066	36.4784977298	0.0853532646173	-0.00378494904913	0.0744758528209	6.41296385653e-06	5.62738348228e-05	6.08928915904e-06
-81.1001212787	36.4786853233	0.0874149664849	-0.00392879457298	0.0765016058747	6.42126804527e-06	5.56653517161e-05	6.07584398274e-06
-81.0999868502	36.4788729167	0.0894903234158	-0.00414864449569	0.0785066555181	6.43152056465e-06	5.5107735312e-05	6.06250415114e-06
-81.099852421	36.4790605099	0.0915796576112	-0.00444778148998	0.0804879620587	6.44366078284e-06	5.45992928833e-05	6.04955483861e-06
-81.0997179912	36.4792481029	0.0936832840623	-0.00482915912001	0.0824427173812	6.45761530887e-06	5.41382529475e-05	6.03738223675e-06
-81.0995835608	36.4794356958	0.0958015103283	-0.00529538671824	0.0843683662193	6.4733042112e-06	5.37228655755e-05	6.02646935593e-06
-81.0994491296	36.4796232885	0.0979346363186	-0.00584871598159	0.0862626247609	6.49064267353e-06	5.33514982315e-05	6.01738999577e-06
-81.0993146979	36.4798108811	0.100082954078	-0.00649102936823	0.0881234964229	6.50954270118e-06	5.3022730947e-05	6.01080129567e-06
-81.0991802655	36.4799984735	0.102246747576	-0.00722383036513	0.0899492846596	6.52991216706e-06	5.27354434405e-05	6.00743524129e-06
-81.0990458324	36.4801860658	0.104426292501	-0.00804823568419	0.0917386026983	6.55166839141e-06	5.24888968791e-05	6.00808950215e-06
-81.0989113987	36.4803736579	0.10662185606	-0.00896496943289	0.0934903801257	6.57471583425e-06	5.22828058391e-05	6.01361791218e-06
-81.0987769643	36.4805612498	0.108833696775	-0.00997435929236	0.0952038662772	6.5989774196e-06	5.21174008445e-05	6.02492084174e-06
-81.0986425293	36.4807488416	0.111062064296	-0.0110763347232	0.0968786304138	6.62438405077e-06	5.19934786395e-05	6.04293563711e-06
-81.0985080937	36.4809364332	0.113307199209	-0.0122704272059	0.0985145587021	6.65087432952e-06	5.19124387783e-05	6.06862719906e-06
-81.0983736574	36.4811240247	0.115569332852	-0.0135557725104	0.10011184804	6.67840494444e-06	5.18763064198e-05	6.10297869683e-06
-81.0982392204	36.481311616	0.117848687136	-0.0149311149754	0.101670996808	6.70695045093e-06	5.18877370708e-05	6.14698230336e-06
-81.0981047828	36.4814992072	0.12014547437	-0.0163948137662	0.103192792637	6.73651089747e-06	5.19500064093e-05	6.20162978834e-06
-81.0979703446	36.4816867982	0.12245989709	-0.0179448510663	0.104678297346	6.76710986367e-06	5.20669782697e-05	6.26790270702e-06
-81.0978359057	36.481874389	0.124792147896	-0.0195788421468	0.106128829183	6.79881000576e-06	5.22430575227e-05	6.34676192147e-06
-81.0977014661	36.4820619797	0.127142409294	-0.0212940472451	0.107545942563	6.83170251428e-06	5.24831186658e-05	6.43913614624e-06
-81.097567026	36.4822495702	0.129510853536	-0.0230873851741	0.108931405512	6.86592364221e-06	5.27924183706e-05	6.54590924606e-06
-81.0974325851	36.4824371606	0.131897642475	-0.0249554485714	0.110287175031	6.9016581357e-06	5.31764866387e-05	6.66790606908e-06
-81.0972981436	36.4826247508	0.134302927422	-0.0268945206885	0.111615370627	6.93913829711e-06	5.36409998198e-05	6.80587667261e-06
-81.0971637015	36.4828123408	0.136726849003	-0.0289005936128	0.11291824628	6.97866107904e-06	5.41916370349e-05	6.96047893362e-06
-81.0970292587	36.4829999307	0.139169537033	-0.0309693878033	0.114198161099	7.02058225197e-06	5.48339227591e-05	7.13225968512e-06
-81.0968948153	36.4831875205	0.141631110381	-0.0330963728168	0.115457548967	7.0653263763e-06	5.55730563924e-05	7.32163469833e-06
-81.0967603712	36.48337511	0.144111676855	-0.0352767890936	0.116698887459	7.11339752651e-06	5.6413734924e-05	7.52886804679e-06
-81.0966259265	36.4835626995	0.14661133308	-0.0375056706658	0.117924666326	7.16538456858e-06	5.73599734361e-05	7.7540515821e-06
-81.0964914811	36.4837502887	0.149130164395	-0.0397778686492	0.119137355845	7.22196136525e-06	5.84149268476e-05	7.99708550702e-06
-81.0963570351	36.4839378778	0.151668244743	-0.0420880753723	0.120339375336	7.28390070869e-06	5.95807211822e-05	8.25766121439e-06
-81.0962225884	36.4841254668	0.154225636573	-0.044430848998	0.121533062128	7.35207863664e-06	6.08583011776e-05	8.53524779591e-06
-81.0960881411	36.4843130556	0.156802390751	-0.0468006384904	0.122720641277	7.42748790641e-06	6.22473007491e-05	8.82908377616e-06
-81.0959536931	36.4845006442	0.159398546472	-0.0491918087768	0.123904196299	7.51123260081e-06	6.37459466695e-05	9.13817579036e-06
-81.0958192445	36.4846882327	0.162014131178	-0.0515986659608	0.125085641198	7.60455296021e-06	6.53510035499e-05	9.46130598787e-06
-81.0956847952	36.484875821	0.164649160485	-0.0540154824395	0.126266694026	7.70881992265e-06	6.70577686477e-05	9.79705001419e-06
-81.0955503453	36.4850634092	0.167303638116	-0.0564365217826	0.127448852235	7.82554712504e-06	6.88601271305e-05	1.01438073651e-05
-81.0954158948	36.4852509972	0.169977555836	-0.0588560632359	0.128633370017	7.95640529746e-06	7.07506768744e-05	1.04998458221e-05
-81.0952814436	36.485438585	0.1726708934	-0.0612684257152	0.12982123785	8.1032221949e-06	7.2720931588e-05	1.08633614944e-05
-81.0951469917	36.4856261727	0.175383618499	-0.0636679911619	0.131013164408	8.26799747218e-06	7.47616108998e-05	1.12325557511e-05
-81.0950125392	36.4858137603	0.178115686722	-0.0660492271393	0.132209561018	8.45291197247e-06	7.68630255116e-05	1.16057299864e-05
-81.094878086	36.4860013476	0.180867041512	-0.0684067085549	0.133410528762	8.66032833932e-06	7.90155638054e-05	1.19813987658e-05
-81.0947436322	36.4861889349	0.183637614143	-0.070735138402	0.134615848358	8.89281342186e-06	8.12102853009e-05	1.23584214408e-05
-81.0946091778	36.4863765219	0.186427323689	-0.0730293674227	0.135824972884	9.15313761774e-06	8.34396252662e-05	1.2736151788e-05
-81.0944747227	36.4865641088	0.18923607701	-0.0752844126022	0.137037023401	9.44428866313e-06	8.56982105328e-05	1.31146046675e-05
-81.0943402669	36.4867516956	0.192063768735	-0.0774954744156	0.138250787515	9.76948052071e-06	8.79837904388e-05	1.34946380955e-05
-81.0942058105	36.4869392822	0.194910281265	-0.0796579527572	0.139464720858	1.01321607108e-05	9.02982741226e-05	1.38781485243e-05
-81.0940713535	36.4871268686	0.197775484764	-0.0817674614913	0.140676951487	1.05360256989e-05	9.26488758604e-05	1.4268276492e-05
-81.0939368958	36.4873144549	0.200659237174	-0.0838198415764	0.141885287136	1.09850260446e-05	9.50493563025e-05	1.46696192528e-05
-81.0938024375	36.487502041	0.203561384222	-0.0858111727222	0.143087225249	1.1483373481e-05	9.75213514289e-05	1.5088446411e-05
-81.0936679785	36.487689627	0.206481759444	-0.0877377835524	0.144279965711	1.20355636622e-05	0.000100095775946	1.55329141304e-05
-81.0935335188	36.4878772128	0.20942018421	-0.0895962602529	0.14546042613	1.2646368619e-05	0.000102814284935	1.60132730642e-05
-81.0933990585	36.4880647984	0.212376467753	-0.0913834537001	0.146625259562	1.33208588496e-05	0.00010573077678	1.65420648311e-05
-81.0932645976	36.4882523839	0.215350407214	-0.0930964850686	0.147770874489	1.40644129908e-05	0.000108912916019	1.71343016653e-05
-81.093130136	36.4884399692	0.218341787679	-0.0947327499323	0.148893456895	1.48827180589e-05	0.000112443652945	1.78076237813e-05
-81.0929956738	36.4886275544	0.221350382234	-0.09628992088	0.149988994235	1.57817907436e-05	0.000116422715667	1.85824290251e-05
-81.0928612109	36.4888151394	0.224375952022	-0.0977659486755	0.151053301097	1.67679821969e-05	0.00012096804883	1.94819695777e-05
-81.0927267474	36.4890027243	0.227418246306	-0.0991590620013	0.152082046329	1.78479805504e-05	0.000126217169437	2.05324107823e-05
-81.0925922832	36.489190309	0.230477002535	-0.100467765834	0.153070781415	1.90288406642e-05	0.000132328413348	2.17628476358e-05
-81.0924578184	36.4893778935	0.233551946424	-0.101690838506	0.154014969853	2.03179702021e-05	0.000139482042008	2.32052750473e-05
-81.0923233529	36.4895654779	0.236642792031	-0.102827327515	0.154910017306	2.172315279e-05	0.000147881181891	2.48945087115e-05
-81.0921888868	36.4897530621	0.239749241846	-0.103876544148	0.155751302273	2.32525548165e-05	0.000157752567199	2.68680542237e-05
-81.09205442	36.4899406462	0.242870986884	-0.104838056994	0.156534207035	2.49147322853e-05	0.000169347060011	2.91659230147e-05
-81.0919199526	36.4901282301	0.246007706783	-0.10571168443	0.157254148641	2.67186431337e-05	0.000182939922805	3.18303946512e-05
-81.0917854845	36.4903158139	0.24915906991	-0.106497486151	0.157906609692	2.867365217e-05	0.000198830819533	3.49057261012e-05
-81.0916510158	36.4905033975	0.252324733469	-0.107195753839	0.158487168676	3.07895372295e-05	0.000217343526095	3.84378096315e-05
-81.0915165465	36.4906909809	0.255504343619	-0.107807001055	0.158991529648	3.30765127966e-05	0.00023882533292	4.24737820995e-05
-81.0913820764	36.4908785642	0.258697535595	-0.108331952454	0.159415551019	3.55452152384e-05	0.000263646126944	4.70615894478e-05
-81.0912476058	36.4910661473	0.261903933833	-0.108771532396	0.159755273258	3.82067267721e-05	0.000292197143805	5.22495112391e-05
-81.0911131345	36.4912537303	0.265123152105	-0.10912685307	0.160006945305	4.10725773889e-05	0.000324889385375	5.80856510145e-05
-81.0909786625	36.4914413131	0.268354793658	-0.109399202198	0.160167049517	4.41547518208e-05	0.000362151704184	6.46173991108e-05
-81.0908441899	36.4916288958	-0.0714899997551	-0.0652688502315	-0.014654162519	1.89264419562e-05	0.000265378286904	2.78734019718e-05
-81.0907097166	36.4918164782	-0.071321652569	-0.0635517785256	-0.0137562778723	1.77681584527e-05	0.000238544658076	2.48859520583e-05
-81.0905752427	36.4920040606	-0.0711417038804	-0.0617804625645	-0.0128932544727	1.66944253159e-05	0.000215089016455	2.22882790171e-05
-81.0904407682	36.4921916428	-0.0709500514396	-0.059959540871	-0.0120678510026	1.5700212112e-05	0.000194672999753	2.00406955271e-05
-81.090306293	36.4923792248	-0.0707465978466	-0.058093863844	-0.0112826083471	1.47807182869e-05	0.00017697686842	1.81053574491e-05
-81.0901718171	36.4925668067	-0.0705312506417	-0.0561884772294	-0.0105398350534	1.39313573222e-05	0.000161700297921	1.64464904648e-05
-81.0900373406	36.4927543884	-0.0703039223957	-0.0542486043616	-0.00984159421746	1.3147766625e-05	0.000148562918239	1.50305706194e-05
-81.0899028635	36.4929419699	-0.0700645307971	-0.0522796272432	-0.00918969190253	1.24257805221e-05	0.000137304608287	1.38264589123e-05
-81.0897683857	36.4931295513	-0.0698129987375	-0.050287066542	-0.00858566718293	1.17614432343e-05	0.000127685562535	1.28054909338e-05
-81.0896339073	36.4933171325	-0.0695492543943	-0.0482765605875	-0.00803078389402	1.11509855467e-05	0.000119486144674	1.1941523327e-05
-81.0894994282	36.4935047136	-0.0692732313117	-0.0462538434601	-0.00752602415764	1.05908342311e-05	0.000112506546209	1.12109395898e-05
-81.0893649484	36.4936922945	-0.0689848684789	-0.0442247222731	-0.00707208373784	1.0077590334e-05	0.000106566272324	1.05926183472e-05
-81.089230468	36.4938798753	-0.0686841104057	-0.0421950537519	-0.00666936926824	9.60803268483e-06	0.000101503474759	1.00678677709e-05
-81.089095987	36.4940674559	-0.0683709071963	-0.0401707202238	-0.00631799737746	9.17911413786e-06	9.71741521241e-05	9.62033022545e-06
-81.0889615053	36.4942550364	-0.0680452146199	-0.0381576051349	-0.00601779572425	8.78794300613e-06	9.34512438424e-05	9.23586155282e-06
-81.088827023	36.4944426167	-0.0677069941789	-0.0361615682176	-0.00576830593865	8.43178902234e-06	9.02236358707e-05	8.90238957179e-06
-81.08869254	36.4946301968	-0.0673562131746	-0.0341884204338	-0.00556878845018	8.10807009639e-06	8.73951021523e-05	8.60975646903e-06
-81.0885580564	36.4948177768	-0.0669928447702	-0.0322438988245	-0.00541822916886	7.81435698104e-06	8.48832016818e-05	8.34954969809e-06
-81.0884235721	36.4950053566	-0.0666168680508	-0.0303336413984	-0.00531534796975	7.54835218518e-06	8.26181509854e-05	8.11492588497e-06
-81.0882890871	36.4951929362	-0.0662282680808	-0.0284631621921	-0.00525860891673	7.30789669838e-06	8.05416916451e-05	7.90043197709e-06
-81.0881546016	36.4953805157	-0.0658270359583	-0.0266378266385	-0.00524623214732	7.09095823383e-06	7.86059656496e-05	7.70182755745e-06
-81.0880201153	36.4955680951	-0.065413168867	-0.0248628273785	-0.00527620732611	6.89562718687e-06	7.67724191749e-05	7.51591186314e-06
-81.0878856285	36.4957556743	-0.0649866701248	-0.0231431606478	-0.00534630856182	6.72011503173e-06	7.50107414131e-05	7.34035856793e-06
-81.0877511409	36.4959432533	-0.0645475492294	-0.0214836033749	-0.00545411067067	6.56274413651e-06	7.32978547162e-05	7.17356090797e-06
-81.0876166528	36.4961308322	-0.0640958219011	-0.0198886911171	-0.00559700665751	6.42194267211e-06	7.16169605192e-05	7.01448922071e-06
-81.0874821639	36.4963184109	-0.0636315101226	-0.0183626969626	-0.0057722262764	6.29624715451e-06	6.99566506553e-05	6.86256240967e-06
-81.0873476745	36.4965059895	-0.0631546421753	-0.0169096115198	-0.00597685552299	6.18428770346e-06	6.83100870208e-05	6.71753434087e-06
-81.0872131843	36.4966935679	-0.0626652526731	-0.0155331241115	-0.00620785690408	6.08479036473e-06	6.66742531126e-05	6.57939567293e-06
-81.0870786936	36.4968811461	-0.0621633825925	-0.0142366052836	-0.0064620903228	5.9965675779e-06	6.50492785603e-05	6.4482911374e-06
-81.0869442022	36.4970687242	-0.0616490792996	-0.0130230907337	-0.00673633441368	5.91852219356e-06	6.34378353308e-05	6.32445187331e-06
-81.0868097101	36.4972563021	-0.0611223965743	-0.0118952667546	-0.0070273081582	5.84962810568e-06	6.18446049105e-05	6.20814203209e-06
-81.0866752174	36.4974438799	-0.0605833946306	-0.010855457282	-0.00733169260964	5.78894348836e-06	6.02758115063e-05	6.09961857491e-06
-81.086540724	36.4976314575	-0.0600321401343	-0.00990561262447	-0.00764615255591	5.73559625705e-06	5.8738818475e-05	5.99910291343e-06
-81.08640623	36.4978190349	-0.059468706217	-0.00904729994718	-0.00796735795024	5.68878096177e-06	5.72417832078e-05	5.90676288932e-06
-81.0862717353	36.4980066122	-0.0588931724865	-0.00828169556689	-0.00829200494234	5.64776093033e-06	5.57933626681e-05	5.82270346534e-06
-81.08613724	36.4981941894	-0.0583056250346	-0.00760957910916	-0.00861683634717	5.61185377922e-06	5.44024677263e-05	5.74696445772e-06
-81.0860027441	36.4983817664	-0.0577061564412	-0.00703132956533	-0.00893866139411	5.58044656215e-06	5.30780559478e-05	5.67952366026e-06
-81.0858682475	36.4985693432	-0.0570948657745	-0.00654692327646	-0.00925437460657	5.55296304987e-06	5.18289607508e-05	5.62030378956e-06
-81.0857337502	36.4987569199	-0.0564718585887	-0.00615593386005	-0.0095609736707	5.52889616354e-06	5.06637484467e-05	5.56918178765e-06
-81.0855992523	36.4989444964	-0.0558372469178	-0.00585753408356	-0.00985557616175	5.50777007757e-06	4.95906002567e-05	5.52599920258e-06
-81.0854647537	36.4991320727	-0.0551911492658	-0.00565049967714	-0.0101354350075	5.48916839477e-06	4.86172134703e-05	5.49057254232e-06
-81.0853302545	36.4993196489	-0.0545336905938	-0.00553321506632	-0.0103979525807	5.47270588123e-06	4.7750716429e-05	5.46270272015e-06
-81.0851957547	36.4995072249	-0.053865002304	-0.00550368099397	-0.0106406933246	5.45804005602e-06	4.69975974322e-05	5.44218293102e-06
-81.0850612542	36.4996948008	-0.0531852222192	-0.00555952398918	-0.0108613948307	5.44486648346e-06	4.63636405552e-05	5.42880452049e-06
-81.084926753	36.4998823765	-0.0524944945598	-0.00569800762988	-0.0110579773018	5.43291846637e-06	4.58538701993e-05	5.42236062522e-06
-81.0847922512	36.5000699521	-0.051792969917	-0.00591604553505	-0.0112285513485	5.42195046334e-06	4.5472500215e-05	5.42264756444e-06
-81.0846577488	36.5002575275	-0.0510808052227	-0.006210216012	-0.0113714240824	5.41175273799e-06	4.52228885103e-05	5.42946413097e-06
-81.0845232457	36.5004451028	-0.0503581637156	-0.00657677827449	-0.0114851034861	5.40214372685e-06	4.51074961285e-05	5.44260908656e-06
-81.0843887419	36.5006326779	-0.0496252149046	-0.007011690138	-0.0115683010559	5.3929648255e-06	4.51278527188e-05	5.46187726839e-06
-81.0842542375	36.5008202528	-0.0488821345275	-0.00751062708978	-0.011619932726	5.38408115217e-06	4.52845275328e-05	5.48705479444e-06
-81.0841197325	36.5010078276	-0.0481291045078	-0.00806900262354	-0.011639118104	5.37537964961e-06	4.55771068501e-05	5.51791390548e-06
-81.0839852268	36.5011954022	-0.047366312907	-0.00868198972122	-0.0116251780567	5.36676443243e-06	4.6004182138e-05	5.55420797079e-06
-81.0838507205	36.5013829766	-0.0465939538739	-0.00934454335793	-0.011577630704	5.35815903357e-06	4.6563345827e-05	5.59566717152e-06
-81.0837162135	36.5015705509	-0.0458122275903	-0.0100514239007	-0.0114961858917	5.34950645158e-06	4.72512003649e-05	5.6419953136e-06
-81.0835817058	36.5017581251	-0.0450213402139	-0.0107972212668	-0.0113807382249	5.34076044197e-06	4.80633789157e-05	5.69286813117e-06
-81.0834471975	36.5019456991	-0.0442215038168	-0.0115763797042	-0.0112313587604	5.33189020122e-06	4.89945800537e-05	5.74793336476e-06
-81.0833126886	36.5021332729	-0.0434129363222	-0.012383223053	-0.0110482854623	5.32287559982e-06	5.00386158938e-05	5.80681275052e-06
-81.083178179	36.5023208466	-0.042595861436	-0.0132119803455	-0.010831912541	5.31370640574e-06	5.11884761643e-05	5.86910596783e-06
-81.0830436688	36.5025084201	-0.0417705085766	-0.0140568116024	-0.010582778798	5.30438578186e-06	5.24364055617e-05	5.9343964531e-06
-81.0829091579	36.5026959934	-0.0409371128006	-0.0149118336809	-0.010301555113	5.29492741252e-06	5.37739962304e-05	6.00225886878e-06
-81.0827746464	36.5028835666	-0.0400959147257	-0.0157711460329	-0.00998903121074	5.28534452743e-06	5.51922918825e-05	6.07226793467e-06
-81.0826401342	36.5030711397	-0.0392471604502	-0.0166288562346	-0.00964610185256	5.27566752388e-06	5.66819038831e-05	6.14400821611e-06
-81.0825056213	36.5032587126	-0.0383911014694	-0.0174791051479	-0.00927375260004	5.26592238356e-06	5.82331374361e-05	6.21708441487e-06
-81.0823711079	36.5034462853	-0.0375279945888	-0.018316091583	-0.00887304529939	5.25615130125e-06	5.98361237619e-05	6.29113165517e-06
-81.0822365937	36.5036338579	-0.0366581018344	-0.0191340963325	-0.00844510343627	5.24639411682e-06	6.14809576804e-05	6.36582525025e-06
-81.082102079	36.5038214303	-0.0357816903598	-0.0199275054545	-0.00799109750882	5.23669598165e-06	6.31578362928e-05	6.44088943034e-06
-81.0819675635	36.5040090025	-0.03489903235	-0.0206908326879	-0.00751223056434	5.22710783804e-06	6.48571969924e-05	6.51610455456e-06
-81.0818330475	36.5041965746	-0.0340104049231	-0.0214187408917	-0.00700972404074	5.21768359676e-06	6.65698491944e-05	6.59131239536e-06
-81.0816985307	36.5043841466	-0.0331160900281	-0.022106062405	-0.00648480404843	5.20847465461e-06	6.82870994694e-05	6.666419134e-06
-81.0815640134	36.5045717183	-0.0322163743405	-0.0227478182355	-0.00593868822176	5.1995451484e-06	7.00008654782e-05	6.74139584307e-06
-81.0814294953	36.50475929	-0.0313115491546	-0.0233392359924	-0.0053725732607	5.19094946552e-06	7.17037752812e-05	6.8162762881e-06
-81.0812949767	36.5049468614	-0.0304019102732	-0.0238757664875	-0.00478762327489	5.18275411072e-06	7.33892499511e-05	6.8911520559e-06
-81.0811604573	36.5051344327	-0.029487757895	-0.0243530989398	-0.0041849590318	5.17501944378e-06	7.50515686004e-05	6.96616507838e-06
-81.0810259374	36.5053220039	-0.0285693964983	-0.0247671747282	-0.00356564819985	5.16781134469e-06	7.66859107495e-05	7.04149777786e-06
-81.0808914167	36.5055095749	-0.0276471347235	-0.0251141996469	-0.00293069666558	5.16119718087e-06	7.82883775252e-05	7.11736114438e-06
-81.0807568955	36.5056971457	-0.0267212852513	-0.0253906546289	-0.00228104099178	5.15524530342e-06	7.98559900943e-05	7.193981164e-06
-81.0806223735	36.5058847164	-0.0257921646801	-0.0255933049128	-0.00161754207042	5.15002255206e-06	8.13866634494e-05	7.27158408933e-06
-81.080487851	36.5060722869	-0.0248600933999	-0.0257192076392	-0.000940980011074	5.14560062399e-06	8.28791587396e-05	7.35038110376e-06
-81.0803533278	36.5062598572	-0.0239253954638	-0.0257657178737	-0.000252050292244	5.14204811231e-06	8.43330129106e-05	7.43055296838e-06
-81.0802188039	36.5064474274	-0.0229883984581	-0.0257304930609	0.000448638810745	5.13944294026e-06	8.57484473677e-05	7.51223524983e-06
-81.0800842794	36.5066349975	-0.022049433369	-0.025611495928	0.00116056752084	5.13785767643e-06	8.71262587027e-05	7.59550472405e-06
-81.0799497542	36.5068225674	-0.0211088344477	-0.0254069958622	0.00188330459026	5.1373678716e-06	8.84676936811e-05	7.68036749271e-06
-81.0798152284	36.5070101371	-0.0201669390733	-0.0251155687983	0.00261650609317	5.13805201322e-06	8.97743106837e-05	7.76674932186e-06
-81.0796807019	36.5071977067	-0.0192240876137	-0.0247360956583	0.00335991301825	5.13999237998e-06	9.10478322993e-05	7.85448859728e-06
-81.0795461748	36.5073852761	-0.0182806232845	-0.0242677593968	0.00411334771113	5.14327226495e-06	9.22899913135e-05	7.94333222755e-06
-81.0794116471	36.5075728453	-0.0173368920057	-0.0237100407108	0.00487670922799	5.14797329629e-06	9.35023758488e-05	8.0329346855e-06
-81.0792771187	36.5077604144	-0.0163932422566	-0.0230627124807	0.00564996767176	5.15419066014e-06	9.46862758325e-05	8.12286028671e-06
-81.0791425896	36.5079479834	-0.0154500249297	-0.0223258330146	0.00643315759185	5.16201483752e-06	9.5842535941e-05	8.21258866278e-06
-81.0790080599	36.5081355522	-0.0145075931817	-0.021499738176	0.00722637053688	5.1715413244e-06	9.69714193359e-05	8.30152328159e-06
-81.0788735295	36.5083231208	-0.0135663022835	-0.0205850324772	0.00802974685707	5.18287192811e-06	9.807248441e-05	8.38900272796e-06
-81.0787389985	36.5085106893	-0.0126265094691	-0.0195825792261	0.00884346685943	5.19611783501e-06	9.91444806313e-05	8.47431439225e-06
-81.0786044669	36.5086982576	-0.0116885737819	-0.0184934898189	0.00966774142379	5.21138100916e-06	0.000100185264825	8.5567100795e-06
-81.0784699346	36.5088858257	-0.0107528559206	-0.0173191122705	0.0105028021918	5.22878745482e-06	0.000101191741359	8.63542301985e-06
-81.0783354016	36.5090733937	-0.00981971808329	-0.0160610190801	0.0113488914437	5.24845868002e-06	0.000102159829991	8.7096856907e-06
-81.078200868	36.5092609615	-0.00888952381062	-0.0147209945282	0.0122062517786	5.27052341615e-06	0.000103084460956	8.77874783544e-06
-81.0780663337	36.5094485292	-0.00796263782741	-0.0133010215021	0.0130751157154	5.29512375516e-06	0.000103959602088	8.84189407449e-06
-81.0779317988	36.5096360967	-0.00703942588353	-0.0118032679471	0.0139556953298	5.32240625366e-06	0.000104778315945	8.89846051684e-06
-81.0777972633	36.5098236641	-0.00612025459366	-0.0102300730395	0.0148481720391	5.35252883248e-06	0.000105532848488	8.94784983713e-06
-81.0776627271	36.5100112313	-0.00520549127617	-0.00858393317501	0.0157526866484	5.38565671345e-06	0.000106214751089	8.98954434201e-06
-81.0775281902	36.5101987984	-0.00429550379116	-0.00686748786417	0.0166693297596	5.42196494566e-06	0.000106815031377	9.02311666127e-06
-81.0773936527	36.5103863652	-0.00339066037778	-0.00508350562448	0.0175981326478	5.46164789951e-06	0.000107324336841	9.0482377874e-06
-81.0772591146	36.510573932	-0.00249132949089	-0.00323486995297	0.0185390586965	5.50490164415e-06	0.000107733163755	9.06468232459e-06
-81.0771245758	36.5107614986	-0.00159787963714	-0.001324565461	0.0194919954797	5.55194346561e-06	0.000108032096087	9.07233093272e-06
-81.0769900363	36.510949065	-0.000710679210633	0.000644335752741	0.020456747571	5.60299967622e-06	0.000108212066106	9.07117009532e-06
-81.0768554962	36.5111366312	0.000169903671913	0.00266868741962	0.0214330301492	5.65831320303e-06	0.000108264638831	9.06128946835e-06
-81.0767209555	36.5113241973	0.00104350133623	0.00474528204303	0.0224204634624	5.71814326113e-06	0.000108182313889	9.04287721256e-06
-81.0765864141	36.5115117633	0.00190974671579	0.00687086340477	0.023418568204	5.78276674568e-06	0.000107958845429	9.01621382793e-06
-81.076451872	36.511699329	0.00276827351725	0.0090421385817	0.0244267618412	5.85247917052e-06	0.000107589573958	8.98166511587e-06
-81.0763173293	36.5118868947	0.00361871638599	0.0112557894245	0.0254443559295	5.92758973346e-06	0.000107071769262	8.93967500582e-06
-81.076182786	36.5120744601	0.0044607110715	0.0135084834573	0.0264705544353	6.00843610428e-06	0.000106404980494	8.89075903386e-06
