-81.1096640482	36.4653657932	0.00164013326843	1.70613112029e-05
-81.1095296657	36.4655533978	0.0019095956018	1.60430138963e-05
-81.1093952825	36.4657410021	0.0021796420886	1.51352419311e-05
-81.1092608987	36.4659286063	0.00244606274901	1.43266163566e-05
-81.1091265142	36.4661162104	0.00270483527732	1.36068899904e-05
-81.1089921291	36.4663038142	0.00295214737759	1.29668810778e-05
-81.1088577433	36.466491418	0.00318441770327	1.23984104032e-05
-81.1087233569	36.4666790216	0.00339831523124	1.18942233265e-05
-81.1085889698	36.466866625	0.00359077691074	1.1447904905e-05
-81.1084545821	36.4670542282	0.00375902343955	1.10538054874e-05
-81.1083201937	36.4672418313	0.00390057303364	1.07069492287e-05
-81.1081858047	36.4674294343	0.00401325307049	1.0402953252e-05
-81.108051415	36.4676170371	0.00409520950318	1.01379502216e-05
-81.1079170247	36.4678046397	0.00414491395908	9.90850055668e-06
-81.1077826338	36.4679922422	0.00416116845523	9.7115299485e-06
-81.1076482422	36.4681798445	0.00414310768172	9.54425829671e-06
-81.1075138499	36.4683674466	0.00409019882409	9.40413688175e-06
-81.107379457	36.4685550486	0.00400223891608	9.28879914654e-06
-81.1072450635	36.4687426505	0.00387934973464	9.19601338509e-06
-81.1071106693	36.4689302522	0.00372197026981	9.12365071686e-06
-81.1069762745	36.4691178537	0.00353084682308	9.06964813161e-06
-81.106841879	36.4693054551	0.00330702080784	9.03199622712e-06
-81.1067074828	36.4694930563	0.00305181434609	9.00871733649e-06
-81.1065730861	36.4696806573	0.00276681377445	8.99786437795e-06
-81.1064386886	36.4698682583	0.00245385119149	8.99752077421e-06
-81.1063042905	36.470055859	0.00211498419567	9.00580217388e-06
-81.1061698918	36.4702434596	0.00175247397956	9.02086836481e-06
-81.1060354924	36.47043106	0.00136876196119	9.04093525647e-06
-81.1059010924	36.4706186603	0.000966445146487	9.06429239224e-06
-81.1057666918	36.4708062604	0.000548250428939	9.08931792258e-06
-81.1056322904	36.4709938604	0.000117008042161	9.11449562616e-06
-81.1054978885	36.4711814602	-0.000324375610276	9.13843717142e-06
-81.1053634859	36.4713690598	-0.000772945517876	9.1598934531e-06
-81.1052290826	36.4715566593	-0.00122572578503	9.17776917426e-06
-81.1050946787	36.4717442586	-0.00167974727537	9.19113916222e-06
-81.1049602741	36.4719318578	-0.00213207494315	9.19925008872e-06
-81.1048258689	36.4721194568	-0.00257983461841	9.20153007615e-06
-81.1046914631	36.4723070557	-0.00302023901728	9.19758873561e-06
-81.1045570566	36.4724946544	-0.00345061275562	9.18721221783e-06
-81.1044226494	36.4726822529	-0.0038684161532	9.17035841642e-06
-81.1042882417	36.4728698513	-0.00427126762623	9.14715166464e-06
-81.1041538332	36.4730574495	-0.00465696447919	9.11785941724e-06
-81.1040194241	36.4732450476	-0.00502350192134	9.0828843895e-06
-81.1038850144	36.4734326455	-0.00536909014962	9.04273761311e-06
-81.103750604	36.4736202433	-0.00569216935755	8.99802883606e-06
-81.103616193	36.4738078409	-0.0059914225488	8.94943633017e-06
-81.1034817813	36.4739954383	-0.00626578605468	8.8976852918e-06
-81.103347369	36.4741830356	-0.0065144576758	8.843530525e-06
-81.103212956	36.4743706327	-0.00673690239061	8.78773283903e-06
-81.1030785424	36.4745582297	-0.00693285559606	8.73103091333e-06
-81.1029441281	36.4747458265	-0.00710232386844	8.67413842237e-06
-81.1028097132	36.4749334232	-0.00724558325605	8.61771430852e-06
-81.1026752976	36.4751210197	-0.00736317513799	8.5623572926e-06
-81.1025408814	36.475308616	-0.00745589970599	8.50859133473e-06
-81.1024064645	36.4754962122	-0.00752480714878	8.45686211342e-06
-81.102272047	36.4756838083	-0.00757118663945	8.4075277485e-06
-81.1021376289	36.4758714041	-0.00759655324656	8.3608631355e-06
-81.1020032101	36.4760589998	-0.00760263290933	8.31705776798e-06
-81.1018687906	36.4762465954	-0.00759134563456	8.27622030098e-06
-81.1017343705	36.4764341908	-0.00756478708952	8.23838971866e-06
-81.1015999498	36.476621786	-0.00752520877934	8.20354054408e-06
-81.1014655284	36.4768093811	-0.0074749970101	8.17159073607e-06
-81.1013311063	36.4769969761	-0.00741665084989	8.14241950815e-06
-81.1011966836	36.4771845708	-0.00735275930784	8.11587750032e-06
-81.1010622603	36.4773721654	-0.0072859779586	8.09179630318e-06
-81.1009278363	36.4775597599	-0.00721900524319	8.0700048607e-06
-81.1007934117	36.4777473542	-0.00715455867929	8.05033703088e-06
-81.1006589864	36.4779349483	-0.00709535121398	8.03264733439e-06
-81.1005245604	36.4781225423	-0.00704406794886	8.01681707533e-06
-81.1003901339	36.4783101362	-0.00700334346288	8.00276225391e-06
-81.1002557066	36.4784977298	-0.00697573995147	7.99044378303e-06
-81.1001212787	36.4786853233	-0.00696372639085	7.97986841394e-06
-81.0999868502	36.4788729167	-0.00696965892553	7.9710943211e-06
-81.099852421	36.4790605099	-0.00699576266435	7.96423535522e-06
-81.0997179912	36.4792481029	-0.00704411505492	7.95945703172e-06
-81.0995835608	36.4794356958	-0.00711663099049	7.95697883582e-06
-81.0994491296	36.4796232885	-0.00721504978535	7.95707275864e-06
-81.0993146979	36.4798108811	-0.00734092413555	7.9600610114e-06
-81.0991802655	36.4799984735	-0.00749561116214	7.96631149002e-06
-81.0990458324	36.4801860658	-0.00768026561249	7.97624114811e-06
-81.0989113987	36.4803736579	-0.00789583527445	7.99029837056e-06
-81.0987769643	36.4805612498	-0.00814305863538	8.00897605676e-06
-81.0986425293	36.4807488416	-0.00842246479649	8.03280051603e-06
-81.0985080937	36.4809364332	-0.00873437563022	8.06232615651e-06
-81.0983736574	36.4811240247	-0.00907891014704	8.09813623195e-06
-81.0982392204	36.481311616	-0.00945599101604	8.14083727255e-06
-81.0981047828	36.4814992072	-0.00986535316333	8.19105776942e-06
-81.0979703446	36.4816867982	-0.010306554352	8.24944083231e-06
-81.0978359057	36.481874389	-0.010778987629	8.3166463508e-06
-81.0977014661	36.4820619797	-0.0112818955057	8.39333725733e-06
-81.097567026	36.4822495702	-0.0118143857245	8.48018044547e-06
-81.0974325851	36.4824371606	-0.012375448447	8.57783901639e-06
-81.0972981436	36.4826247508	-0.012963974688	8.68696083561e-06
-81.0971637015	36.4828123408	-0.0135787758071	8.8081763144e-06
-81.0970292587	36.4829999307	-0.0142186038628	8.94208194418e-06
-81.0968948153	36.4831875205	-0.0148821726219	9.0892320904e-06
-81.0967603712	36.48337511	-0.0155681790184	9.25013076877e-06
-81.0966259265	36.4835626995	-0.0162753248469	9.42522032473e-06
-81.0964914811	36.4837502887	-0.0170023384771	9.61486785817e-06
-81.0963570351	36.4839378778	-0.0177479963773	9.81936101472e-06
-81.0962225884	36.4841254668	-0.018511144237	1.00389006152e-05
-81.0960881411	36.4843130556	-0.0192907174819	1.02736019385e-05
-81.0959536931	36.4845006442	-0.0200857609864	1.05234896621e-05
-81.0958192445	36.4846882327	-0.0208954477904	1.07885158919e-05
-81.0956847952	36.484875821	-0.0217190966445	1.10685676296e-05
-81.0955503453	36.4850634092	-0.0225561882143	1.13634923736e-05
-81.0954158948	36.4852509972	-0.0234063797918	1.1673134301e-05
-81.0952814436	36.485438585	-0.0242695183738	1.19973723335e-05
-81.0951469917	36.4856261727	-0.025145651985	1.23361778915e-05
-81.0950125392	36.4858137603	-0.0260350391394	1.26896811684e-05
-81.094878086	36.4860013476	-0.0269381563532	1.30582445506e-05
-81.0947436322	36.4861889349	-0.0278557036364	1.34425608467e-05
-81.0946091778	36.4863765219	-0.0287886079156	1.38437502829e-05
-81.0944747227	36.4865641088	-0.0297380243536	1.426347727e-05
-81.0943402669	36.4867516956	-0.030705335554	1.47040748925e-05
-81.0942058105	36.4869392822	-0.0316921486568	1.51686776319e-05
-81.0940713535	36.4871268686	-0.0327002903514	1.56613661948e-05
-81.0939368958	36.4873144549	-0.0337317998482	1.61873117515e-05
-81.0938024375	36.487502041	-0.0347889198727	1.6752924132e-05
-81.0936679785	36.487689627	-0.0358740857578	1.73660091031e-05
-81.0935335188	36.4878772128	-0.0369899127307	1.80359051777e-05
-81.0933990585	36.4880647984	-0.038139181501	1.87736311931e-05
-81.0932645976	36.4882523839	-0.0393248222761	1.95920169887e-05
-81.093130136	36.4884399692	-0.0405498973354	2.05058153848e-05
-81.0929956738	36.4886275544	-0.0418175823133	2.15318094996e-05
-81.0928612109	36.4888151394	-0.0431311463442	2.26888903557e-05
-81.0927267474	36.4890027243	-0.044493931235	2.39981096878e-05
-81.0925922832	36.489190309	-0.0459093298355	2.54827219773e-05
-81.0924578184	36.4893778935	-0.0473807637814	2.71681721927e-05
-81.0923233529	36.4895654779	-0.0489116607889	2.90820735438e-05
-81.0921888868	36.4897530621	-0.0505054316816	3.12541427027e-05
-81.09205442	36.4899406462	-0.052165447329	3.3716100788e-05
-81.0919199526	36.4901282301	-0.0538950156764	3.6501542655e-05
-81.0917854845	36.4903158139	-0.0556973590409	3.96457671614e-05
-81.0916510158	36.4905033975	-0.0575755918449	4.31855741166e-05
-81.0915165465	36.4906909809	-0.0595326989529	4.71590387052e-05
-81.0913820764	36.4908785642	-0.0615715147683	5.16052333203e-05
-81.0912476058	36.4910661473	-0.063694703241	5.65639439852e-05
-81.0911131345	36.4912537303	-0.0659047389241	6.20753497354e-05
-81.0909786625	36.4914413131	-0.0682038892109	6.81796845157e-05
-81.0908441899	36.4916288958	0.0501493287578	3.06641262531e-05
-81.0907097166	36.4918164782	0.0505243176632	2.78982748897e-05
-81.0905752427	36.4920040606	0.0508576698512	2.54534555106e-05
-81.0904407682	36.4921916428	0.0511476929299	2.32991091493e-05
-81.090306293	36.4923792248	0.0513928893237	2.14061291755e-05
-81.0901718171	36.4925668067	0.0515919657268	1.97469963163e-05
-81.0900373406	36.4927543884	0.0517438413189	1.82958980692e-05
-81.0899028635	36.4929419699	0.0518476546721	1.70287966165e-05
-81.0897683857	36.4931295513	0.0519027692839	1.59234903165e-05
-81.0896339073	36.4933171325	0.0519087776843	1.49596260754e-05
-81.0894994282	36.4935047136	0.0518655040733	1.41187040791e-05
-81.0893649484	36.4936922945	0.0517730054568	1.33840402215e-05
-81.089230468	36.4938798753	0.0516315712625	1.27407211063e-05
-81.089095987	36.4940674559	0.0514417214248	1.21755355827e-05
-81.0889615053	36.4942550364	0.0512042029465	1.16768814075e-05
-81.088827023	36.4944426167	0.0509199849495	1.12346726241e-05
-81.08869254	36.4946301968	0.0505902522462	1.08402255414e-05
-81.0885580564	36.4948177768	0.0502163974702	1.04861476646e-05
-81.0884235721	36.4950053566	0.0498000118202	1.01662073462e-05
-81.0882890871	36.4951929362	0.0493428744804	9.87521775706e-06
-81.0881546016	36.4953805157	0.0488469407926	9.60891100014e-06
-81.0880201153	36.4955680951	0.0483143292666	9.36381980547e-06
-81.0878856285	36.4957556743	0.0477473075245	9.13716566284e-06
-81.0877511409	36.4959432533	0.0471482772825	8.92674877452e-06
-81.0876166528	36.4961308322	0.0465197584857	8.73084898666e-06
-81.0874821639	36.4963184109	0.0458643727143	8.54814017677e-06
-81.0873476745	36.4965059895	0.0451848259901	8.37760437961e-06
-81.0872131843	36.4966935679	0.0444838911135	8.21846577378e-06
-81.0870786936	36.4968811461	0.0437643896698	8.07012789777e-06
-81.0869442022	36.4970687242	0.043029173841	7.93212847514e-06
-81.0868097101	36.4972563021	0.0422811081678	7.80409010353e-06
-81.0866752174	36.4974438799	0.0415230514002	7.68569835343e-06
-81.086540724	36.4976314575	0.040757838579	7.57667166734e-06
-81.08640623	36.4978190349	0.0399882634871	7.47674468914e-06
-81.0862717353	36.4980066122	0.0392170616047	7.38566040259e-06
-81.08613724	36.4981941894	0.0384468937014	7.30315746243e-06
-81.0860027441	36.4983817664	0.0376803301887	7.22897826144e-06
-81.0858682475	36.4985693432	0.0369198363516	7.16285213788e-06
-81.0857337502	36.4987569199	0.0361677585719	7.10451784416e-06
-81.0855992523	36.4989444964	0.0354263116417	7.05370645281e-06
-81.0854647537	36.4991320727	0.034697567262	7.01016253162e-06
-81.0853302545	36.4993196489	0.0339834438062	6.97363244151e-06
-81.0851957547	36.4995072249	0.033285697419	6.94387482517e-06
-81.0850612542	36.4996948008	0.0326059145085	6.92066060181e-06
-81.084926753	36.4998823765	0.0319455056777	6.90377427934e-06
-81.0847922512	36.5000699521	0.0313057011278	6.89300461323e-06
-81.0846577488	36.5002575275	0.0306875475529	6.88815207227e-06
-81.0845232457	36.5004451028	0.0300919065331	6.88902246006e-06
-81.0843887419	36.5006326779	0.0295194544191	6.89542118227e-06
-81.0842542375	36.5008202528	0.0289706836883	6.90715048857e-06
-81.0841197325	36.5010078276	0.0284459057399	6.92400504372e-06
-81.0839852268	36.5011954022	0.0279452550842	6.94576613972e-06
-81.0838507205	36.5013829766	0.027468694868	6.97220037578e-06
-81.0837162135	36.5015705509	0.0270160236695	7.0030579034e-06
-81.0835817058	36.5017581251	0.0265868834807	7.03806665457e-06
-81.0834471975	36.5019456991	0.0261807687921	7.07693550635e-06
-81.0833126886	36.5021332729	0.0257970366774	7.11935329991e-06
-81.083178179	36.5023208466	0.0254349177765	7.16499151336e-06
-81.0830436688	36.5025084201	0.0250935280612	7.21351066518e-06
-81.0829091579	36.5026959934	0.0247718812664	7.26456421422e-06
-81.0827746464	36.5028835666	0.0244689018629	7.31779874312e-06
-81.0826401342	36.5030711397	0.0241834384468	7.37287132536e-06
-81.0825056213	36.5032587126	0.0239142774151	7.42944473364e-06
-81.0823711079	36.5034462853	0.0236601567992	7.48720702906e-06
-81.0822365937	36.5036338579	0.023419780127	7.54586833299e-06
-81.082102079	36.5038214303	0.0231918301851	7.60517210481e-06
-81.0819675635	36.5040090025	0.0229749825588	7.66490137236e-06
-81.0818330475	36.5041965746	0.0227679188253	7.72488184032e-06
-81.0816985307	36.5043841466	0.0225693392886	7.78498202794e-06
-81.0815640134	36.5045717183	0.022377975143	7.84512372192e-06
-81.0814294953	36.50475929	0.0221925999649	7.9052689228e-06
-81.0812949767	36.5049468614	0.022012040438	7.9654305483e-06
-81.0811604573	36.5051344327	0.0218351862251	8.02565826558e-06
-81.0810259374	36.5053220039	0.0216609989125	8.08603987303e-06
-81.0808914167	36.5055095749	0.0214885199592	8.14669215693e-06
-81.0807568955	36.5056971457	0.021316877597	8.20775252562e-06
-81.0806223735	36.5058847164	0.0211452926363	8.26936851073e-06
-81.080487851	36.5060722869	0.0209730831452	8.33169175342e-06
-81.0803533278	36.5062598572	0.020799667981	8.39486345193e-06
-81.0802188039	36.5064474274	0.0206245691632	8.45901164626e-06
-81.0800842794	36.5066349975	0.02044741309	8.5242333648e-06
-81.0799497542	36.5068225674	0.0202679306119	8.59059085577e-06
-81.0798152284	36.5070101371	0.0200859559843	8.65810414588e-06
-81.0796807019	36.5071977067	0.0199014247361	8.72674556363e-06
-81.0795461748	36.5073852761	0.0197143704954	8.79643384092e-06
-81.0794116471	36.5075728453	0.0195249208291	8.86703012354e-06
-81.0792771187	36.5077604144	0.0193332921569	8.93834622997e-06
-81.0791425896	36.5079479834	0.0191397838104	9.01013559952e-06
-81.0790080599	36.5081355522	0.0189447713165	9.08210229648e-06
-81.0788735295	36.5083231208	0.0187486989858	9.15390695929e-06
-81.0787389985	36.5085106893	0.0185520718987	9.22517543072e-06
-81.0786044669	36.5086982576	0.01835544738	9.29549629609e-06
-81.0784699346	36.5088858257	0.0181594260596	9.36444941315e-06
-81.0783354016	36.5090733937	0.0179646426181	9.43159966718e-06
-81.078200868	36.5092609615	0.0177717563187	9.49651435781e-06
-81.0780663337	36.5094485292	0.017581441424	9.55877751695e-06
-81.0779317988	36.5096360967	0.0173943775982	9.6179953391e-06
-81.0777972633	36.5098236641	0.0172112403938	9.67381018046e-06
-81.0776627271	36.5100112313	0.0170326919164	9.72590745456e-06
-81.0775281902	36.5101987984	0.0168593717596	9.77402526249e-06
-81.0773936527	36.5103863652	0.0166918882987	9.81796685914e-06
-81.0772591146	36.510573932	0.0165308104227	9.85759615266e-06
-81.0771245758	36.5107614986	0.0163766597838	9.8928532925e-06
-81.0769900363	36.510949065	0.016229903631	9.92375067e-06
-81.0768554962	36.5111366312	0.0160909482919	9.95037916323e-06
-81.0767209555	36.5113241973	0.0159601333581	9.97290883723e-06
-81.0765864141	36.5115117633	0.0158377266189	9.9915899638e-06
-81.076451872	36.511699329	0.0157239197848	1.00067534069e-05
-81.0763173293	36.5118868947	0.0156188250286	1.00188076793e-05
-81.076182786	36.5120744601	0.015522472367	1.00282478321e-05
